# Mass           Radius         Fe/Mg          Si/Mg          wt%+h2o        Bulk density   core_wt%       core_rad%      
2.20000       1.26833       0.50000       0.50000       0.00000       5944.81210    0.28414       0.48644   
2.20000       1.27196       0.50000       0.60000       0.00000       5893.96734    0.26777       0.47573   
2.20000       1.27521       0.50000       0.70000       0.00000       5849.04396    0.25318       0.46593   
2.20000       1.27813       0.50000       0.80000       0.00000       5809.05856    0.24010       0.45691   
2.20000       1.28077       0.50000       0.90000       0.00000       5773.23449    0.22830       0.44856   
2.20000       1.28316       0.50000       1.00000       0.00000       5740.95958    0.21761       0.44081   
2.20000       1.28540       0.50000       1.10000       0.00000       5711.01256    0.20788       0.43355   
2.20000       1.28748       0.50000       1.20000       0.00000       5683.39813    0.19898       0.42676   
2.20000       1.28940       0.50000       1.30000       0.00000       5658.06530    0.19081       0.42038   
2.20000       1.29118       0.50000       1.40000       0.00000       5634.74612    0.18328       0.41437   
2.20000       1.29281       0.50000       1.50000       0.00000       5613.37624    0.17633       0.40870   
2.20000       1.29431       0.50000       1.60000       0.00000       5593.87661    0.16988       0.40334   
2.20000       1.29570       0.50000       1.70000       0.00000       5575.88491    0.16389       0.39826   
2.20000       1.29702       0.50000       1.80000       0.00000       5558.96970    0.15831       0.39343   
2.20000       1.29825       0.50000       1.90000       0.00000       5543.10479    0.15309       0.38882   
2.20000       1.25561       0.60000       0.50000       0.00000       6127.29234    0.32263       0.51204   
2.20000       1.25977       0.60000       0.60000       0.00000       6066.72568    0.30499       0.50101   
2.20000       1.26351       0.60000       0.70000       0.00000       6013.04279    0.28917       0.49090   
2.20000       1.26688       0.60000       0.80000       0.00000       5965.13424    0.27492       0.48157   
2.20000       1.26994       0.60000       0.90000       0.00000       5922.12074    0.26200       0.47293   
2.20000       1.27273       0.60000       1.00000       0.00000       5883.26810    0.25024       0.46490   
2.20000       1.27536       0.60000       1.10000       0.00000       5847.03745    0.23950       0.45737   
2.20000       1.27778       0.60000       1.20000       0.00000       5813.83885    0.22963       0.45031   
2.20000       1.28002       0.60000       1.30000       0.00000       5783.36389    0.22055       0.44368   
2.20000       1.28210       0.60000       1.40000       0.00000       5755.28762    0.21216       0.43743   
2.20000       1.28402       0.60000       1.50000       0.00000       5729.45381    0.20438       0.43153   
2.20000       1.28579       0.60000       1.60000       0.00000       5705.87575    0.19716       0.42594   
2.20000       1.28743       0.60000       1.70000       0.00000       5684.06746    0.19043       0.42065   
2.20000       1.28898       0.60000       1.80000       0.00000       5663.57087    0.18414       0.41561   
2.20000       1.29044       0.60000       1.90000       0.00000       5644.36484    0.17825       0.41080   
2.20000       1.24406       0.70000       0.50000       0.00000       6299.46396    0.35720       0.53423   
2.20000       1.24865       0.70000       0.60000       0.00000       6230.29488    0.33861       0.52297   
2.20000       1.25279       0.70000       0.70000       0.00000       6168.80919    0.32186       0.51262   
2.20000       1.25653       0.70000       0.80000       0.00000       6113.78356    0.30668       0.50306   
2.20000       1.25994       0.70000       0.90000       0.00000       6064.25720    0.29288       0.49419   
2.20000       1.26306       0.70000       1.00000       0.00000       6019.43751    0.28026       0.48594   
2.20000       1.26601       0.70000       1.10000       0.00000       5977.47539    0.26869       0.47818   
2.20000       1.26873       0.70000       1.20000       0.00000       5939.16664    0.25803       0.47092   
2.20000       1.27125       0.70000       1.30000       0.00000       5903.95222    0.24819       0.46408   
2.20000       1.27358       0.70000       1.40000       0.00000       5871.47815    0.23907       0.45763   
2.20000       1.27576       0.70000       1.50000       0.00000       5841.52197    0.23059       0.45154   
2.20000       1.27776       0.70000       1.60000       0.00000       5814.12637    0.22270       0.44577   
2.20000       1.27962       0.70000       1.70000       0.00000       5788.76114    0.21533       0.44030   
2.20000       1.28138       0.70000       1.80000       0.00000       5764.93023    0.20843       0.43508   
2.20000       1.28304       0.70000       1.90000       0.00000       5742.59393    0.20196       0.43011   
2.20000       1.23353       0.80000       0.50000       0.00000       6462.25576    0.38841       0.55381   
2.20000       1.23845       0.80000       0.60000       0.00000       6385.46783    0.36912       0.54236   
2.20000       1.24291       0.80000       0.70000       0.00000       6316.99408    0.35167       0.53183   
2.20000       1.24697       0.80000       0.80000       0.00000       6255.57091    0.33578       0.52210   
2.20000       1.25067       0.80000       0.90000       0.00000       6200.15086    0.32128       0.51305   
2.20000       1.25407       0.80000       1.00000       0.00000       6149.90985    0.30797       0.50462   
2.20000       1.25729       0.80000       1.10000       0.00000       6102.70840    0.29572       0.49669   
2.20000       1.26026       0.80000       1.20000       0.00000       6059.70037    0.28441       0.48925   
2.20000       1.26302       0.80000       1.30000       0.00000       6020.11835    0.27393       0.48225   
2.20000       1.26558       0.80000       1.40000       0.00000       5983.57887    0.26420       0.47564   
2.20000       1.26797       0.80000       1.50000       0.00000       5949.79982    0.25513       0.46938   
2.20000       1.27018       0.80000       1.60000       0.00000       5918.85845    0.24667       0.46347   
2.20000       1.27224       0.80000       1.70000       0.00000       5890.16833    0.23875       0.45784   
2.20000       1.27418       0.80000       1.80000       0.00000       5863.20592    0.23132       0.45249   
2.20000       1.27602       0.80000       1.90000       0.00000       5837.91828    0.22434       0.44737   
2.20000       1.22387       0.90000       0.50000       0.00000       6616.47841    0.41672       0.57129   
2.20000       1.22906       0.90000       0.60000       0.00000       6532.91141    0.39695       0.55972   
2.20000       1.23379       0.90000       0.70000       0.00000       6458.20299    0.37896       0.54906   
2.20000       1.23810       0.90000       0.80000       0.00000       6391.00313    0.36254       0.53918   
2.20000       1.24204       0.90000       0.90000       0.00000       6330.25438    0.34748       0.53000   
2.20000       1.24567       0.90000       1.00000       0.00000       6275.05459    0.33362       0.52143   
2.20000       1.24913       0.90000       1.10000       0.00000       6223.06805    0.32083       0.51335   
2.20000       1.25232       0.90000       1.20000       0.00000       6175.74109    0.30898       0.50577   
2.20000       1.25528       0.90000       1.30000       0.00000       6132.13187    0.29797       0.49863   
2.20000       1.25804       0.90000       1.40000       0.00000       6091.82057    0.28772       0.49189   
2.20000       1.26062       0.90000       1.50000       0.00000       6054.49097    0.27815       0.48550   
2.20000       1.26301       0.90000       1.60000       0.00000       6020.23398    0.26920       0.47946   
2.20000       1.26524       0.90000       1.70000       0.00000       5988.44395    0.26081       0.47371   
2.20000       1.26735       0.90000       1.80000       0.00000       5958.55225    0.25292       0.46823   
2.20000       1.26934       0.90000       1.90000       0.00000       5930.51332    0.24550       0.46300   
2.20000       1.21498       1.00000       0.50000       0.00000       6762.83824    0.44254       0.58707   
2.20000       1.22039       1.00000       0.60000       0.00000       6673.24849    0.42242       0.57542   
2.20000       1.22532       1.00000       0.70000       0.00000       6592.93844    0.40406       0.56465   
2.20000       1.22984       1.00000       0.80000       0.00000       6520.54240    0.38722       0.55467   
2.20000       1.23399       1.00000       0.90000       0.00000       6454.93420    0.37174       0.54538   
2.20000       1.23782       1.00000       1.00000       0.00000       6395.22300    0.35744       0.53669   
2.20000       1.24148       1.00000       1.10000       0.00000       6338.85897    0.34420       0.52850   
2.20000       1.24485       1.00000       1.20000       0.00000       6287.55805    0.33191       0.52081   
2.20000       1.24799       1.00000       1.30000       0.00000       6240.21978    0.32047       0.51356   
2.20000       1.25092       1.00000       1.40000       0.00000       6196.41948    0.30979       0.50670   
2.20000       1.25367       1.00000       1.50000       0.00000       6155.80299    0.29979       0.50020   
2.20000       1.25621       1.00000       1.60000       0.00000       6118.44959    0.29042       0.49405   
2.20000       1.25860       1.00000       1.70000       0.00000       6083.74905    0.28162       0.48819   
2.20000       1.26086       1.00000       1.80000       0.00000       6051.11286    0.27334       0.48261   
2.20000       1.26299       1.00000       1.90000       0.00000       6020.48133    0.26553       0.47728   
2.20000       1.20676       1.10000       0.50000       0.00000       6901.95634    0.46616       0.60143   
2.20000       1.21234       1.10000       0.60000       0.00000       6806.99652    0.44583       0.58972   
2.20000       1.21745       1.10000       0.70000       0.00000       6721.67054    0.42720       0.57888   
2.20000       1.22214       1.10000       0.80000       0.00000       6644.57600    0.41007       0.56883   
2.20000       1.22646       1.10000       0.90000       0.00000       6574.57654    0.39425       0.55945   
2.20000       1.23046       1.10000       1.00000       0.00000       6510.73013    0.37962       0.55068   
2.20000       1.23429       1.10000       1.10000       0.00000       6450.35377    0.36602       0.54239   
2.20000       1.23781       1.10000       1.20000       0.00000       6395.39279    0.35337       0.53460   
2.20000       1.24111       1.10000       1.30000       0.00000       6344.61617    0.34157       0.52726   
2.20000       1.24419       1.10000       1.40000       0.00000       6297.57345    0.33052       0.52031   
2.20000       1.24708       1.10000       1.50000       0.00000       6253.89251    0.32017       0.51372   
2.20000       1.24976       1.10000       1.60000       0.00000       6213.65078    0.31045       0.50747   
2.20000       1.25228       1.10000       1.70000       0.00000       6176.23764    0.30130       0.50153   
2.20000       1.25467       1.10000       1.80000       0.00000       6141.02680    0.29268       0.49585   
2.20000       1.25693       1.10000       1.90000       0.00000       6107.94851    0.28453       0.49043   
2.20000       1.19914       1.20000       0.50000       0.00000       7034.39002    0.48786       0.61458   
2.20000       1.20486       1.20000       0.60000       0.00000       6934.65130    0.46742       0.60284   
2.20000       1.21010       1.20000       0.70000       0.00000       6844.81816    0.44862       0.59196   
2.20000       1.21494       1.20000       0.80000       0.00000       6763.47299    0.43127       0.58185   
2.20000       1.21940       1.20000       0.90000       0.00000       6689.47083    0.41521       0.57241   
2.20000       1.22354       1.20000       1.00000       0.00000       6621.86210    0.40031       0.56356   
2.20000       1.22751       1.20000       1.10000       0.00000       6557.80715    0.38644       0.55520   
2.20000       1.23117       1.20000       1.20000       0.00000       6499.47122    0.37350       0.54734   
2.20000       1.23460       1.20000       1.30000       0.00000       6445.50854    0.36140       0.53992   
2.20000       1.23781       1.20000       1.40000       0.00000       6395.46059    0.35005       0.53289   
2.20000       1.24082       1.20000       1.50000       0.00000       6348.93262    0.33940       0.52622   
2.20000       1.24363       1.20000       1.60000       0.00000       6305.98907    0.32938       0.51990   
2.20000       1.24627       1.20000       1.70000       0.00000       6266.03132    0.31993       0.51387   
2.20000       1.24878       1.20000       1.80000       0.00000       6228.40107    0.31101       0.50812   
2.20000       1.25115       1.20000       1.90000       0.00000       6193.03061    0.30257       0.50263   
2.20000       1.19205       1.30000       0.50000       0.00000       7160.63106    0.50787       0.62670   
2.20000       1.19787       1.30000       0.60000       0.00000       7056.64480    0.48738       0.61494   
2.20000       1.20323       1.30000       0.70000       0.00000       6962.75498    0.46849       0.60404   
2.20000       1.20818       1.30000       0.80000       0.00000       6877.57500    0.45100       0.59389   
2.20000       1.21276       1.30000       0.90000       0.00000       6799.92993    0.43477       0.58440   
2.20000       1.21702       1.30000       1.00000       0.00000       6728.88076    0.41967       0.57551   
2.20000       1.22111       1.30000       1.10000       0.00000       6661.44729    0.40558       0.56708   
2.20000       1.22489       1.30000       1.20000       0.00000       6599.99771    0.39241       0.55917   
2.20000       1.22843       1.30000       1.30000       0.00000       6543.08850    0.38007       0.55168   
2.20000       1.23175       1.30000       1.40000       0.00000       6490.24638    0.36848       0.54459   
2.20000       1.23488       1.30000       1.50000       0.00000       6441.06258    0.35757       0.53786   
2.20000       1.23780       1.30000       1.60000       0.00000       6395.59867    0.34729       0.53146   
2.20000       1.24054       1.30000       1.70000       0.00000       6353.25874    0.33759       0.52538   
2.20000       1.24315       1.30000       1.80000       0.00000       6313.35464    0.32841       0.51956   
2.20000       1.24562       1.30000       1.90000       0.00000       6275.82749    0.31972       0.51400   
2.20000       1.18543       1.40000       0.50000       0.00000       7281.13843    0.52637       0.63791   
2.20000       1.19134       1.40000       0.60000       0.00000       7173.34492    0.50591       0.62616   
2.20000       1.19679       1.40000       0.70000       0.00000       7075.82340    0.48698       0.61525   
2.20000       1.20183       1.40000       0.80000       0.00000       6987.17379    0.46941       0.60508   
2.20000       1.20651       1.40000       0.90000       0.00000       6906.21869    0.45306       0.59556   
2.20000       1.21086       1.40000       1.00000       0.00000       6832.02391    0.43782       0.58663   
2.20000       1.21506       1.40000       1.10000       0.00000       6761.48692    0.42357       0.57816   
2.20000       1.21893       1.40000       1.20000       0.00000       6697.16522    0.41021       0.57019   
2.20000       1.22257       1.40000       1.30000       0.00000       6637.52591    0.39768       0.56266   
2.20000       1.22600       1.40000       1.40000       0.00000       6582.08504    0.38588       0.55551   
2.20000       1.22922       1.40000       1.50000       0.00000       6530.43284    0.37477       0.54873   
2.20000       1.23224       1.40000       1.60000       0.00000       6482.61320    0.36428       0.54228   
2.20000       1.23507       1.40000       1.70000       0.00000       6438.03657    0.35436       0.53613   
2.20000       1.23777       1.40000       1.80000       0.00000       6396.00170    0.34496       0.53026   
2.20000       1.24033       1.40000       1.90000       0.00000       6356.44447    0.33605       0.52464   
2.20000       1.17925       1.50000       0.50000       0.00000       7396.30529    0.54354       0.64834   
2.20000       1.18522       1.50000       0.60000       0.00000       7285.12773    0.52314       0.63661   
2.20000       1.19073       1.50000       0.70000       0.00000       7184.33922    0.50422       0.62570   
2.20000       1.19585       1.50000       0.80000       0.00000       7092.54668    0.48662       0.61552   
2.20000       1.20061       1.50000       0.90000       0.00000       7008.58435    0.47021       0.60599   
2.20000       1.20504       1.50000       1.00000       0.00000       6931.49385    0.45487       0.59703   
2.20000       1.20932       1.50000       1.10000       0.00000       6858.11800    0.44049       0.58853   
2.20000       1.21328       1.50000       1.20000       0.00000       6791.14524    0.42700       0.58052   
2.20000       1.21701       1.50000       1.30000       0.00000       6728.97815    0.41431       0.57295   
2.20000       1.22052       1.50000       1.40000       0.00000       6671.12363    0.40236       0.56576   
2.20000       1.22383       1.50000       1.50000       0.00000       6617.16909    0.39107       0.55893   
2.20000       1.22693       1.50000       1.60000       0.00000       6567.14174    0.38040       0.55243   
2.20000       1.22985       1.50000       1.70000       0.00000       6520.47242    0.37030       0.54624   
2.20000       1.23263       1.50000       1.80000       0.00000       6476.43896    0.36071       0.54032   
2.20000       1.23527       1.50000       1.90000       0.00000       6434.96062    0.35162       0.53465   
2.20000       1.17345       1.60000       0.50000       0.00000       7506.48406    0.55950       0.65807   
2.20000       1.17946       1.60000       0.60000       0.00000       7392.30090    0.53921       0.64637   
2.20000       1.18503       1.60000       0.70000       0.00000       7288.58104    0.52034       0.63547   
2.20000       1.19020       1.60000       0.80000       0.00000       7193.94186    0.50275       0.62530   
2.20000       1.19502       1.60000       0.90000       0.00000       7107.23991    0.48631       0.61576   
2.20000       1.19953       1.60000       1.00000       0.00000       7027.52070    0.47091       0.60679   
2.20000       1.20388       1.60000       1.10000       0.00000       6951.52478    0.45646       0.59826   
2.20000       1.20792       1.60000       1.20000       0.00000       6882.10488    0.44286       0.59023   
2.20000       1.21171       1.60000       1.30000       0.00000       6817.59318    0.43006       0.58262   
2.20000       1.21530       1.60000       1.40000       0.00000       6757.49401    0.41797       0.57540   
2.20000       1.21868       1.60000       1.50000       0.00000       6701.38986    0.40654       0.56853   
2.20000       1.22185       1.60000       1.60000       0.00000       6649.30158    0.39572       0.56199   
2.20000       1.22484       1.60000       1.70000       0.00000       6600.67505    0.38547       0.55576   
2.20000       1.22770       1.60000       1.80000       0.00000       6554.75486    0.37573       0.54980   
2.20000       1.23041       1.60000       1.90000       0.00000       6511.47271    0.36647       0.54409   
2.20000       1.16800       1.70000       0.50000       0.00000       7612.02349    0.57438       0.66718   
2.20000       1.17404       1.70000       0.60000       0.00000       7495.15747    0.55423       0.65552   
2.20000       1.17965       1.70000       0.70000       0.00000       7388.79705    0.53545       0.64465   
2.20000       1.18487       1.70000       0.80000       0.00000       7291.59252    0.51790       0.63448   
2.20000       1.18974       1.70000       0.90000       0.00000       7202.40014    0.50146       0.62494   
2.20000       1.19429       1.70000       1.00000       0.00000       7120.27095    0.48604       0.61597   
2.20000       1.19871       1.70000       1.10000       0.00000       7041.87153    0.47153       0.60742   
2.20000       1.20281       1.70000       1.20000       0.00000       6970.19231    0.45787       0.59937   
2.20000       1.20667       1.70000       1.30000       0.00000       6903.50804    0.44497       0.59174   
2.20000       1.21031       1.70000       1.40000       0.00000       6841.32260    0.43279       0.58449   
2.20000       1.21376       1.70000       1.50000       0.00000       6783.21182    0.42125       0.57759   
2.20000       1.21700       1.70000       1.60000       0.00000       6729.19234    0.41031       0.57103   
2.20000       1.22005       1.70000       1.70000       0.00000       6678.72795    0.39992       0.56476   
2.20000       1.22297       1.70000       1.80000       0.00000       6631.04070    0.39005       0.55877   
2.20000       1.22575       1.70000       1.90000       0.00000       6586.04858    0.38065       0.55302   
2.20000       1.16287       1.80000       0.50000       0.00000       7713.21347    0.58829       0.67573   
2.20000       1.16893       1.80000       0.60000       0.00000       7593.96409    0.56831       0.66412   
2.20000       1.17456       1.80000       0.70000       0.00000       7485.24521    0.54964       0.65328   
2.20000       1.17981       1.80000       0.80000       0.00000       7385.72081    0.53215       0.64314   
2.20000       1.18472       1.80000       0.90000       0.00000       7294.25817    0.51575       0.63361   
2.20000       1.18932       1.80000       1.00000       0.00000       7209.91752    0.50032       0.62463   
2.20000       1.19379       1.80000       1.10000       0.00000       7129.31359    0.48580       0.61608   
2.20000       1.19794       1.80000       1.20000       0.00000       7055.54885    0.47209       0.60802   
2.20000       1.20185       1.80000       1.30000       0.00000       6986.84989    0.45913       0.60037   
2.20000       1.20555       1.80000       1.40000       0.00000       6922.72270    0.44687       0.59310   
2.20000       1.20905       1.80000       1.50000       0.00000       6862.74231    0.43524       0.58618   
2.20000       1.21235       1.80000       1.60000       0.00000       6806.91623    0.42421       0.57959   
2.20000       1.21546       1.80000       1.70000       0.00000       6754.72678    0.41371       0.57330   
2.20000       1.21844       1.80000       1.80000       0.00000       6705.37389    0.40373       0.56727   
2.20000       1.22127       1.80000       1.90000       0.00000       6658.78041    0.39422       0.56149   
2.20000       1.15803       1.90000       0.50000       0.00000       7810.33728    0.60132       0.68378   
2.20000       1.16409       1.90000       0.60000       0.00000       7688.96718    0.58152       0.67223   
2.20000       1.16974       1.90000       0.70000       0.00000       7578.13928    0.56298       0.66143   
2.20000       1.17502       1.90000       0.80000       0.00000       7476.50535    0.54559       0.65131   
2.20000       1.17996       1.90000       0.90000       0.00000       7382.98605    0.52924       0.64180   
2.20000       1.18459       1.90000       1.00000       0.00000       7296.62522    0.51384       0.63283   
2.20000       1.18910       1.90000       1.10000       0.00000       7213.99507    0.49931       0.62427   
2.20000       1.19329       1.90000       1.20000       0.00000       7138.30216    0.48558       0.61621   
2.20000       1.19725       1.90000       1.30000       0.00000       7067.73731    0.47258       0.60855   
2.20000       1.20099       1.90000       1.40000       0.00000       7001.80248    0.46027       0.60127   
2.20000       1.20454       1.90000       1.50000       0.00000       6940.07874    0.44857       0.59433   
2.20000       1.20789       1.90000       1.60000       0.00000       6882.56849    0.43746       0.58771   
2.20000       1.21105       1.90000       1.70000       0.00000       6828.75164    0.42689       0.58140   
2.20000       1.21408       1.90000       1.80000       0.00000       6777.83406    0.41681       0.57535   
2.20000       1.21696       1.90000       1.90000       0.00000       6729.73731    0.40720       0.56955   
