# Mass           Radius         Fe/Mg          Si/Mg          wt%+h2o        Bulk density   core_wt%       core_rad%      
2.60000       1.32531       0.50000       0.50000       0.00000       6157.80764    0.28414       0.48508   
2.60000       1.32925       0.50000       0.60000       0.00000       6103.25977    0.26777       0.47437   
2.60000       1.33276       0.50000       0.70000       0.00000       6055.12586    0.25318       0.46457   
2.60000       1.33592       0.50000       0.80000       0.00000       6012.33082    0.24010       0.45555   
2.60000       1.33877       0.50000       0.90000       0.00000       5974.03140    0.22830       0.44721   
2.60000       1.34347       0.50000       1.00000       0.00000       5911.52999    0.21761       0.43878   
2.60000       1.34385       0.50000       1.10000       0.00000       5906.49393    0.20788       0.43220   
2.60000       1.34614       0.50000       1.20000       0.00000       5876.34594    0.19898       0.42540   
2.60000       1.34826       0.50000       1.30000       0.00000       5848.69702    0.19081       0.41902   
2.60000       1.35022       0.50000       1.40000       0.00000       5823.28621    0.18328       0.41301   
2.60000       1.35204       0.50000       1.50000       0.00000       5799.84836    0.17633       0.40734   
2.60000       1.35373       0.50000       1.60000       0.00000       5778.15931    0.16988       0.40197   
2.60000       1.35530       0.50000       1.70000       0.00000       5758.10657    0.16389       0.39689   
2.60000       1.35675       0.50000       1.80000       0.00000       5739.61543    0.15831       0.39206   
2.60000       1.35812       0.50000       1.90000       0.00000       5722.28017    0.15309       0.38746   
2.60000       1.31199       0.60000       0.50000       0.00000       6347.34135    0.32263       0.51062   
2.60000       1.31647       0.60000       0.60000       0.00000       6282.71813    0.30499       0.49958   
2.60000       1.32049       0.60000       0.70000       0.00000       6225.49182    0.28917       0.48946   
2.60000       1.32412       0.60000       0.80000       0.00000       6174.46129    0.27492       0.48014   
2.60000       1.32741       0.60000       0.90000       0.00000       6128.67037    0.26200       0.47151   
2.60000       1.33246       0.60000       1.00000       0.00000       6059.28987    0.25024       0.46278   
2.60000       1.33329       0.60000       1.10000       0.00000       6047.99040    0.23950       0.45594   
2.60000       1.33594       0.60000       1.20000       0.00000       6012.04096    0.22963       0.44888   
2.60000       1.33839       0.60000       1.30000       0.00000       5979.05132    0.22055       0.44224   
2.60000       1.34066       0.60000       1.40000       0.00000       5948.69077    0.21216       0.43599   
2.60000       1.34278       0.60000       1.50000       0.00000       5920.66606    0.20438       0.43009   
2.60000       1.34474       0.60000       1.60000       0.00000       5894.71145    0.19716       0.42450   
2.60000       1.34658       0.60000       1.70000       0.00000       5870.68907    0.19043       0.41919   
2.60000       1.34828       0.60000       1.80000       0.00000       5848.46702    0.18414       0.41416   
2.60000       1.34988       0.60000       1.90000       0.00000       5827.65835    0.17825       0.40935   
2.60000       1.29990       0.70000       0.50000       0.00000       6526.14263    0.35720       0.53276   
2.60000       1.30481       0.70000       0.60000       0.00000       6452.60771    0.33861       0.52148   
2.60000       1.30925       0.70000       0.70000       0.00000       6387.28025    0.32186       0.51113   
2.60000       1.31326       0.70000       0.80000       0.00000       6328.85603    0.30668       0.50157   
2.60000       1.31692       0.70000       0.90000       0.00000       6276.29397    0.29288       0.49270   
2.60000       1.32224       0.70000       1.00000       0.00000       6200.77982    0.28026       0.48374   
2.60000       1.32346       0.70000       1.10000       0.00000       6183.65323    0.26869       0.47669   
2.60000       1.32642       0.70000       1.20000       0.00000       6142.38791    0.25803       0.46942   
2.60000       1.32916       0.70000       1.30000       0.00000       6104.48087    0.24819       0.46258   
2.60000       1.33171       0.70000       1.40000       0.00000       6069.55358    0.23907       0.45613   
2.60000       1.33407       0.70000       1.50000       0.00000       6037.27644    0.23059       0.45004   
2.60000       1.33629       0.70000       1.60000       0.00000       6007.35157    0.22270       0.44426   
2.60000       1.33835       0.70000       1.70000       0.00000       5979.62333    0.21533       0.43878   
2.60000       1.34027       0.70000       1.80000       0.00000       5953.92440    0.20843       0.43357   
2.60000       1.34208       0.70000       1.90000       0.00000       5929.84243    0.20196       0.42860   
2.60000       1.28886       0.80000       0.50000       0.00000       6695.19739    0.38841       0.55229   
2.60000       1.29413       0.80000       0.60000       0.00000       6613.75599    0.36912       0.54083   
2.60000       1.29890       0.80000       0.70000       0.00000       6541.19139    0.35167       0.53030   
2.60000       1.30323       0.80000       0.80000       0.00000       6476.11760    0.33578       0.52056   
2.60000       1.30719       0.80000       0.90000       0.00000       6417.43282    0.32128       0.51151   
2.60000       1.31277       0.80000       1.00000       0.00000       6336.07437    0.30797       0.50235   
2.60000       1.31430       0.80000       1.10000       0.00000       6313.87734    0.29572       0.49515   
2.60000       1.31752       0.80000       1.20000       0.00000       6267.73965    0.28441       0.48770   
2.60000       1.32051       0.80000       1.30000       0.00000       6225.29805    0.27393       0.48070   
2.60000       1.32329       0.80000       1.40000       0.00000       6186.14643    0.26420       0.47408   
2.60000       1.32588       0.80000       1.50000       0.00000       6149.92209    0.25513       0.46783   
2.60000       1.32830       0.80000       1.60000       0.00000       6116.30784    0.24667       0.46190   
2.60000       1.33057       0.80000       1.70000       0.00000       6085.11579    0.23875       0.45627   
2.60000       1.33269       0.80000       1.80000       0.00000       6056.16656    0.23132       0.45091   
2.60000       1.33468       0.80000       1.90000       0.00000       6029.01048    0.22434       0.44580   
2.60000       1.27875       0.90000       0.50000       0.00000       6855.33078    0.41672       0.56973   
2.60000       1.28429       0.90000       0.60000       0.00000       6766.87934    0.39695       0.55815   
2.60000       1.28933       0.90000       0.70000       0.00000       6687.83514    0.37896       0.54748   
2.60000       1.29393       0.90000       0.80000       0.00000       6616.77341    0.36254       0.53760   
2.60000       1.29815       0.90000       0.90000       0.00000       6552.54254    0.34748       0.52841   
2.60000       1.30392       0.90000       1.00000       0.00000       6465.93897    0.33362       0.51910   
2.60000       1.30573       0.90000       1.10000       0.00000       6439.02549    0.32083       0.51177   
2.60000       1.30917       0.90000       1.20000       0.00000       6388.40302    0.30898       0.50418   
2.60000       1.31237       0.90000       1.30000       0.00000       6341.78240    0.29797       0.49704   
2.60000       1.31536       0.90000       1.40000       0.00000       6298.71855    0.28772       0.49029   
2.60000       1.31814       0.90000       1.50000       0.00000       6258.82369    0.27815       0.48390   
2.60000       1.32076       0.90000       1.60000       0.00000       6221.77000    0.26920       0.47784   
2.60000       1.32320       0.90000       1.70000       0.00000       6187.35400    0.26081       0.47208   
2.60000       1.32549       0.90000       1.80000       0.00000       6155.34470    0.25292       0.46660   
2.60000       1.32765       0.90000       1.90000       0.00000       6125.31329    0.24550       0.46137   
2.60000       1.26943       1.00000       0.50000       0.00000       7007.29538    0.44254       0.58548   
2.60000       1.27520       1.00000       0.60000       0.00000       6912.60513    0.42242       0.57381   
2.60000       1.28047       1.00000       0.70000       0.00000       6827.76421    0.40406       0.56304   
2.60000       1.28528       1.00000       0.80000       0.00000       6751.29774    0.38722       0.55305   
2.60000       1.28971       1.00000       0.90000       0.00000       6682.02957    0.37174       0.54376   
2.60000       1.29564       1.00000       1.00000       0.00000       6590.65529    0.35744       0.53432   
2.60000       1.29769       1.00000       1.10000       0.00000       6559.41005    0.34420       0.52688   
2.60000       1.30132       1.00000       1.20000       0.00000       6504.66380    0.33191       0.51918   
2.60000       1.30471       1.00000       1.30000       0.00000       6454.17823    0.32047       0.51192   
2.60000       1.30787       1.00000       1.40000       0.00000       6407.48757    0.30979       0.50506   
2.60000       1.31083       1.00000       1.50000       0.00000       6364.19207    0.29979       0.49856   
2.60000       1.31361       1.00000       1.60000       0.00000       6323.92536    0.29042       0.49239   
2.60000       1.31621       1.00000       1.70000       0.00000       6286.48766    0.28162       0.48653   
2.60000       1.31865       1.00000       1.80000       0.00000       6251.62734    0.27334       0.48094   
2.60000       1.32096       1.00000       1.90000       0.00000       6218.88928    0.26553       0.47561   
2.60000       1.26083       1.10000       0.50000       0.00000       7151.74008    0.46616       0.59981   
2.60000       1.26678       1.10000       0.60000       0.00000       7051.49993    0.44583       0.58808   
2.60000       1.27222       1.10000       0.70000       0.00000       6961.45306    0.42720       0.57724   
2.60000       1.27721       1.10000       0.80000       0.00000       6880.11381    0.41007       0.56717   
2.60000       1.28181       1.10000       0.90000       0.00000       6806.27355    0.39425       0.55779   
2.60000       1.28788       1.10000       1.00000       0.00000       6710.55766    0.37962       0.54826   
2.60000       1.29014       1.10000       1.10000       0.00000       6675.32403    0.36602       0.54073   
2.60000       1.29393       1.10000       1.20000       0.00000       6616.77735    0.35337       0.53294   
2.60000       1.29748       1.10000       1.30000       0.00000       6562.72057    0.34157       0.52559   
2.60000       1.30079       1.10000       1.40000       0.00000       6512.66783    0.33052       0.51863   
2.60000       1.30390       1.10000       1.50000       0.00000       6466.19872    0.32017       0.51204   
2.60000       1.30682       1.10000       1.60000       0.00000       6422.93968    0.31045       0.50578   
2.60000       1.30956       1.10000       1.70000       0.00000       6382.68578    0.30130       0.49982   
2.60000       1.31214       1.10000       1.80000       0.00000       6345.14320    0.29268       0.49415   
2.60000       1.31458       1.10000       1.90000       0.00000       6309.85354    0.28453       0.48872   
2.60000       1.25285       1.20000       0.50000       0.00000       7289.24861    0.48786       0.61294   
2.60000       1.25894       1.20000       0.60000       0.00000       7184.06241    0.46742       0.60118   
2.60000       1.26452       1.20000       0.70000       0.00000       7089.34918    0.44862       0.59029   
2.60000       1.26966       1.20000       0.80000       0.00000       7003.59976    0.43127       0.58016   
2.60000       1.27441       1.20000       0.90000       0.00000       6925.60347    0.41521       0.57072   
2.60000       1.28058       1.20000       1.00000       0.00000       6825.95495    0.40031       0.56111   
2.60000       1.28302       1.20000       1.10000       0.00000       6787.02759    0.38644       0.55352   
2.60000       1.28696       1.20000       1.20000       0.00000       6724.98613    0.37350       0.54565   
2.60000       1.29064       1.20000       1.30000       0.00000       6667.62462    0.36140       0.53822   
2.60000       1.29408       1.20000       1.40000       0.00000       6614.45407    0.35005       0.53118   
2.60000       1.29732       1.20000       1.50000       0.00000       6565.02877    0.33940       0.52451   
2.60000       1.30037       1.20000       1.60000       0.00000       6518.97354    0.32938       0.51817   
2.60000       1.30324       1.20000       1.70000       0.00000       6476.07040    0.31993       0.51214   
2.60000       1.30594       1.20000       1.80000       0.00000       6436.01157    0.31101       0.50638   
2.60000       1.30849       1.20000       1.90000       0.00000       6398.33901    0.30257       0.50088   
2.60000       1.24543       1.30000       0.50000       0.00000       7420.33516    0.50787       0.62504   
2.60000       1.25162       1.30000       0.60000       0.00000       7310.74578    0.48738       0.61326   
2.60000       1.25732       1.30000       0.70000       0.00000       7211.83524    0.46849       0.60234   
2.60000       1.26258       1.30000       0.80000       0.00000       7122.10533    0.45100       0.59218   
2.60000       1.26745       1.30000       0.90000       0.00000       7040.33031    0.43477       0.58269   
2.60000       1.27370       1.30000       1.00000       0.00000       6937.08579    0.41967       0.57302   
2.60000       1.27630       1.30000       1.10000       0.00000       6894.76661    0.40558       0.56538   
2.60000       1.28036       1.30000       1.20000       0.00000       6829.49671    0.39241       0.55745   
2.60000       1.28415       1.30000       1.30000       0.00000       6769.07920    0.38007       0.54995   
2.60000       1.28772       1.30000       1.40000       0.00000       6713.00678    0.36848       0.54285   
2.60000       1.29107       1.30000       1.50000       0.00000       6660.83393    0.35757       0.53612   
2.60000       1.29423       1.30000       1.60000       0.00000       6612.16632    0.34729       0.52971   
2.60000       1.29721       1.30000       1.70000       0.00000       6566.79367    0.33759       0.52361   
2.60000       1.30001       1.30000       1.80000       0.00000       6524.36647    0.32841       0.51779   
2.60000       1.30268       1.30000       1.90000       0.00000       6484.44312    0.31972       0.51222   
2.60000       1.23851       1.40000       0.50000       0.00000       7545.46314    0.52637       0.63624   
2.60000       1.24478       1.40000       0.60000       0.00000       7431.95009    0.50591       0.62446   
2.60000       1.25057       1.40000       0.70000       0.00000       7329.27348    0.48698       0.61354   
2.60000       1.25592       1.40000       0.80000       0.00000       7235.93935    0.46941       0.60335   
2.60000       1.26089       1.40000       0.90000       0.00000       7150.72851    0.45306       0.59383   
2.60000       1.26721       1.40000       1.00000       0.00000       7044.19131    0.43782       0.58412   
2.60000       1.26995       1.40000       1.10000       0.00000       6998.75980    0.42357       0.57643   
2.60000       1.27411       1.40000       1.20000       0.00000       6930.51051    0.41021       0.56845   
2.60000       1.27801       1.40000       1.30000       0.00000       6867.26672    0.39768       0.56091   
2.60000       1.28167       1.40000       1.40000       0.00000       6808.50402    0.38588       0.55375   
2.60000       1.28512       1.40000       1.50000       0.00000       6753.76336    0.37477       0.54696   
2.60000       1.28838       1.40000       1.60000       0.00000       6702.66049    0.36428       0.54050   
2.60000       1.29145       1.40000       1.70000       0.00000       6654.96635    0.35436       0.53434   
2.60000       1.29435       1.40000       1.80000       0.00000       6610.32188    0.34496       0.52846   
2.60000       1.29711       1.40000       1.90000       0.00000       6568.27149    0.33605       0.52284   
2.60000       1.23203       1.50000       0.50000       0.00000       7665.05270    0.54354       0.64665   
2.60000       1.23837       1.50000       0.60000       0.00000       7548.04384    0.52314       0.63490   
2.60000       1.24422       1.50000       0.70000       0.00000       7441.98583    0.50422       0.62397   
2.60000       1.24965       1.50000       0.80000       0.00000       7345.39302    0.48662       0.61378   
2.60000       1.25470       1.50000       0.90000       0.00000       7257.05509    0.47021       0.60423   
2.60000       1.26108       1.50000       1.00000       0.00000       7147.50455    0.45487       0.59449   
2.60000       1.26393       1.50000       1.10000       0.00000       7099.21215    0.44049       0.58678   
2.60000       1.26817       1.50000       1.20000       0.00000       7028.21971    0.42700       0.57876   
2.60000       1.27216       1.50000       1.30000       0.00000       6962.35295    0.41431       0.57117   
2.60000       1.27591       1.50000       1.40000       0.00000       6901.08194    0.40236       0.56398   
2.60000       1.27945       1.50000       1.50000       0.00000       6843.95825    0.39107       0.55714   
2.60000       1.28280       1.50000       1.60000       0.00000       6790.56747    0.38040       0.55063   
2.60000       1.28595       1.50000       1.70000       0.00000       6740.69478    0.37030       0.54442   
2.60000       1.28894       1.50000       1.80000       0.00000       6693.96393    0.36071       0.53849   
2.60000       1.29178       1.50000       1.90000       0.00000       6649.92357    0.35162       0.53282   
2.60000       1.22596       1.60000       0.50000       0.00000       7779.48780    0.55950       0.65637   
2.60000       1.23234       1.60000       0.60000       0.00000       7659.36819    0.53921       0.64464   
2.60000       1.23824       1.60000       0.70000       0.00000       7550.26744    0.52034       0.63373   
2.60000       1.24373       1.60000       0.80000       0.00000       7450.72651    0.50275       0.62354   
2.60000       1.24885       1.60000       0.90000       0.00000       7359.54184    0.48631       0.61399   
2.60000       1.25527       1.60000       1.00000       0.00000       7247.17588    0.47091       0.60423   
2.60000       1.25822       1.60000       1.10000       0.00000       7196.31371    0.45646       0.59649   
2.60000       1.26254       1.60000       1.20000       0.00000       7122.78495    0.44286       0.58845   
2.60000       1.26660       1.60000       1.30000       0.00000       7054.48742    0.43006       0.58083   
2.60000       1.27043       1.60000       1.40000       0.00000       6990.89293    0.41797       0.57360   
2.60000       1.27404       1.60000       1.50000       0.00000       6931.54030    0.40654       0.56672   
2.60000       1.27746       1.60000       1.60000       0.00000       6876.01283    0.39572       0.56017   
2.60000       1.28069       1.60000       1.70000       0.00000       6824.10309    0.38547       0.55392   
2.60000       1.28375       1.60000       1.80000       0.00000       6775.41453    0.37573       0.54795   
2.60000       1.28667       1.60000       1.90000       0.00000       6729.49080    0.36647       0.54224   
2.60000       1.22026       1.70000       0.50000       0.00000       7889.10271    0.57438       0.66547   
2.60000       1.22666       1.70000       0.60000       0.00000       7766.21325    0.55423       0.65378   
2.60000       1.23260       1.70000       0.70000       0.00000       7654.38362    0.53545       0.64289   
2.60000       1.23814       1.70000       0.80000       0.00000       7552.18154    0.51790       0.63271   
2.60000       1.24331       1.70000       0.90000       0.00000       7458.40418    0.50146       0.62316   
2.60000       1.24976       1.70000       1.00000       0.00000       7343.48286    0.48604       0.61339   
2.60000       1.25280       1.70000       1.10000       0.00000       7290.23675    0.47153       0.60564   
2.60000       1.25717       1.70000       1.20000       0.00000       7214.36606    0.45787       0.59758   
2.60000       1.26130       1.70000       1.30000       0.00000       7143.81900    0.44497       0.58993   
2.60000       1.26519       1.70000       1.40000       0.00000       7078.05921    0.43279       0.58267   
2.60000       1.26887       1.70000       1.50000       0.00000       7016.62200    0.42125       0.57577   
2.60000       1.27236       1.70000       1.60000       0.00000       6959.10438    0.41031       0.56918   
2.60000       1.27566       1.70000       1.70000       0.00000       6905.28228    0.39992       0.56290   
2.60000       1.27878       1.70000       1.80000       0.00000       6854.74527    0.39005       0.55690   
2.60000       1.28176       1.70000       1.90000       0.00000       6807.04636    0.38065       0.55114   
2.60000       1.21489       1.80000       0.50000       0.00000       7994.21394    0.58829       0.67401   
2.60000       1.22130       1.80000       0.60000       0.00000       7868.86064    0.56831       0.66237   
2.60000       1.22727       1.80000       0.70000       0.00000       7754.58818    0.54964       0.65152   
2.60000       1.23284       1.80000       0.80000       0.00000       7649.97442    0.53215       0.64135   
2.60000       1.23805       1.80000       0.90000       0.00000       7553.84142    0.51575       0.63181   
2.60000       1.24452       1.80000       1.00000       0.00000       7436.54024    0.50032       0.62204   
2.60000       1.24763       1.80000       1.10000       0.00000       7381.14532    0.48580       0.61429   
2.60000       1.25206       1.80000       1.20000       0.00000       7303.11278    0.47209       0.60621   
2.60000       1.25624       1.80000       1.30000       0.00000       7230.47461    0.45913       0.59855   
2.60000       1.26019       1.80000       1.40000       0.00000       7162.70690    0.44687       0.59127   
2.60000       1.26393       1.80000       1.50000       0.00000       7099.32812    0.43524       0.58434   
2.60000       1.26747       1.80000       1.60000       0.00000       7039.94053    0.42421       0.57773   
2.60000       1.27083       1.80000       1.70000       0.00000       6984.31957    0.41371       0.57142   
2.60000       1.27401       1.80000       1.80000       0.00000       6932.04971    0.40373       0.56538   
2.60000       1.27705       1.80000       1.90000       0.00000       6882.68544    0.39422       0.55960   
2.60000       1.20982       1.90000       0.50000       0.00000       8095.10540    0.60132       0.68206   
2.60000       1.21624       1.90000       0.60000       0.00000       7967.56723    0.58152       0.67047   
2.60000       1.22222       1.90000       0.70000       0.00000       7851.10276    0.56298       0.65965   
2.60000       1.22781       1.90000       0.80000       0.00000       7744.31403    0.54559       0.64952   
2.60000       1.23305       1.90000       0.90000       0.00000       7646.03411    0.52924       0.63999   
2.60000       1.23954       1.90000       1.00000       0.00000       7526.58786    0.51384       0.63022   
2.60000       1.24271       1.90000       1.10000       0.00000       7469.18755    0.49931       0.62247   
2.60000       1.24718       1.90000       1.20000       0.00000       7389.16003    0.48558       0.61438   
2.60000       1.25140       1.90000       1.30000       0.00000       7314.58786    0.47258       0.60671   
2.60000       1.25540       1.90000       1.40000       0.00000       7244.94012    0.46027       0.59942   
2.60000       1.25919       1.90000       1.50000       0.00000       7179.75833    0.44857       0.59247   
2.60000       1.26278       1.90000       1.60000       0.00000       7118.61699    0.43746       0.58584   
2.60000       1.26619       1.90000       1.70000       0.00000       7061.31095    0.42689       0.57950   
2.60000       1.26943       1.90000       1.80000       0.00000       7007.40706    0.41681       0.57344   
2.60000       1.27252       1.90000       1.90000       0.00000       6956.46560    0.40720       0.56763   
