#       	100%fe	95%fe 	90%fe 	85%fe 	80%fe 	75%fe 	70%fe 	65%fe 	60%fe 	55%fe 	50%fe 	45%fe 	40%fe 	35%fe 	30%fe 	25%fe 	20%fe 	15%fe 	10%fe 	5%fe  	rocky 	5%h2o 	10%h2o	15%h2o	20%h2o	25%h2o	30%h2o	35%h2o	40%h2o	45%h2o	50%h2o	55%h2o	60%h2o	65%h2o	70%h2o	75%h2o	80%h2o	85%h2o	90%h2o	95%h2o	100%h2o	cold_h2/he	max_coll_strip
#Mearth 	Rearth	Rearth	Rearth	Rearth	Rearth	Rearth	Rearth	Rearth	Rearth	Rearth	Rearth	Rearth	Rearth	Rearth	Rearth	Rearth	Rearth	Rearth	Rearth	Rearth	Rearth	Rearth	Rearth	Rearth	Rearth	Rearth	Rearth	Rearth	Rearth	Rearth	Rearth	Rearth	Rearth	Rearth	Rearth	Rearth	Rearth	Rearth	Rearth	Rearth	Rearth 	Rearth    	Rearth        
0.0625 	0.3571	0.3654	0.3722	0.3788	0.3852	0.3915	0.3977	0.4036	0.4093	0.4147	0.42  	0.4252	0.4304	0.4356	0.4405	0.4451	0.4498	0.4544	0.4589	0.4634	0.4678	0.4826	0.4943	0.5053	0.5158	0.526 	0.5351	0.5435	0.5512	0.5588	0.5661	0.5733	0.5803	0.5872	0.5939	0.6005	0.6068	0.613 	0.6196	0.6257	0.6322 	1.1972    	              
0.06699	0.3651	0.3735	0.3804	0.3872	0.3938	0.4003	0.4065	0.4126	0.4183	0.4242	0.4297	0.4349	0.4401	0.4454	0.4503	0.4551	0.4598	0.4645	0.4691	0.4737	0.4782	0.4932	0.5052	0.5165	0.5272	0.5377	0.5466	0.5551	0.5629	0.5707	0.5782	0.5854	0.5925	0.5996	0.6064	0.6131	0.6196	0.6259	0.6324	0.6387	0.6454 	1.224     	              
0.07179	0.3733	0.3819	0.389 	0.3959	0.4027	0.4093	0.4156	0.4218	0.4276	0.4338	0.4394	0.4448	0.4502	0.4553	0.4603	0.4653	0.47  	0.4748	0.4795	0.4841	0.4888	0.5041	0.5164	0.5279	0.5389	0.5495	0.5583	0.5667	0.5749	0.5828	0.5904	0.5979	0.6051	0.6121	0.6191	0.626 	0.6327	0.6392	0.6454	0.6522	0.6588 	1.252     	              
0.07695	0.3818	0.3905	0.3978	0.4049	0.4118	0.4186	0.425 	0.4312	0.4372	0.4435	0.4493	0.4548	0.4603	0.4654	0.4705	0.4755	0.4804	0.4852	0.4901	0.4947	0.4996	0.5151	0.5277	0.5395	0.5508	0.5613	0.5702	0.5787	0.587 	0.595 	0.6029	0.6105	0.6179	0.6251	0.6321	0.639 	0.6459	0.6526	0.6589	0.6656	0.6724 	1.281     	              
0.08247	0.3903	0.3992	0.4066	0.4139	0.4211	0.4281	0.4346	0.441 	0.4472	0.4534	0.4593	0.4649	0.4705	0.4757	0.4808	0.4859	0.491 	0.4959	0.5008	0.5056	0.5105	0.5263	0.5392	0.5513	0.5629	0.5733	0.5823	0.591 	0.5994	0.6076	0.6155	0.6233	0.6308	0.6382	0.6454	0.6524	0.6594	0.6662	0.6729	0.6793	0.6863 	1.31      	              
0.08839	0.3989	0.408 	0.4156	0.4232	0.4305	0.4376	0.4444	0.4509	0.4573	0.4635	0.4695	0.4751	0.4808	0.4862	0.4914	0.4966	0.5017	0.5068	0.5117	0.5168	0.5216	0.5377	0.5509	0.5632	0.5752	0.5853	0.5945	0.6034	0.6121	0.6204	0.6285	0.6363	0.644 	0.6515	0.6589	0.6661	0.6731	0.6801	0.687 	0.6934	0.7006 	1.339     	              
0.09473	0.4077	0.4169	0.4248	0.4325	0.4401	0.4474	0.4543	0.461 	0.4676	0.4738	0.4799	0.4856	0.4912	0.4968	0.5022	0.5075	0.5126	0.5179	0.5229	0.528 	0.533 	0.5494	0.5629	0.5756	0.5876	0.5975	0.6069	0.616 	0.6249	0.6334	0.6416	0.6497	0.6575	0.6651	0.6726	0.68  	0.6872	0.6942	0.7013	0.708 	0.7151 	1.369     	              
0.1015 	0.4167	0.4261	0.4342	0.4421	0.4499	0.4572	0.4643	0.4713	0.478 	0.4843	0.4905	0.4963	0.502 	0.5075	0.5131	0.5186	0.5238	0.529 	0.5343	0.5394	0.5446	0.5613	0.5751	0.5882	0.6001	0.6101	0.6197	0.629 	0.6379	0.6466	0.655 	0.6632	0.6712	0.679 	0.6866	0.6941	0.7015	0.7087	0.7159	0.7229	0.7299 	1.401     	              
0.1088 	0.4259	0.4355	0.4438	0.4519	0.4599	0.4674	0.4746	0.4817	0.4886	0.4949	0.5012	0.5071	0.513 	0.5187	0.5242	0.5298	0.5352	0.5404	0.5458	0.551 	0.5564	0.5734	0.5875	0.6009	0.6128	0.6229	0.6328	0.6422	0.6513	0.6601	0.6686	0.6769	0.6851	0.6931	0.7009	0.7085	0.7161	0.7235	0.7307	0.738 	0.745  	1.433     	              
0.1166 	0.4352	0.445 	0.4536	0.462 	0.4701	0.4777	0.4852	0.4924	0.4993	0.5057	0.512 	0.5181	0.5241	0.53  	0.5356	0.5412	0.5467	0.552 	0.5574	0.5627	0.5682	0.5856	0.6001	0.6138	0.6255	0.6359	0.646 	0.6556	0.6649	0.6739	0.6826	0.691 	0.6993	0.7074	0.7155	0.7233	0.7309	0.7385	0.746 	0.7533	0.7605 	1.465     	              
0.125  	0.4447	0.4547	0.4635	0.4721	0.4804	0.4883	0.496 	0.5032	0.5103	0.5168	0.5231	0.5293	0.5354	0.5415	0.5471	0.5527	0.5583	0.5636	0.5692	0.5745	0.5801	0.5979	0.6128	0.6268	0.6384	0.649 	0.6593	0.6691	0.6786	0.6878	0.6967	0.7054	0.7138	0.722 	0.7302	0.7383	0.7461	0.7538	0.7615	0.7689	0.7764 	1.497     	              
0.134  	0.4544	0.4646	0.4736	0.4825	0.4909	0.499 	0.5069	0.5143	0.5213	0.528 	0.5345	0.5409	0.5469	0.5531	0.5588	0.5644	0.5701	0.5754	0.5811	0.5864	0.5922	0.6103	0.6256	0.6397	0.6514	0.6623	0.6728	0.6829	0.6926	0.702 	0.7111	0.7199	0.7286	0.7371	0.7453	0.7535	0.7616	0.7695	0.7773	0.7849	0.7924 	1.531     	              
0.1436 	0.4644	0.4748	0.484 	0.4931	0.5017	0.51  	0.518 	0.5254	0.5325	0.5394	0.5461	0.5526	0.5586	0.5649	0.5705	0.5762	0.582 	0.5875	0.5931	0.5987	0.6043	0.6229	0.6385	0.6527	0.6646	0.6758	0.6865	0.6968	0.7067	0.7163	0.7256	0.7347	0.7436	0.7523	0.7608	0.7691	0.7773	0.7854	0.7933	0.8012	0.8088 	1.566     	              
0.1539 	0.4745	0.4851	0.4946	0.5039	0.5128	0.5213	0.5294	0.5369	0.544 	0.5509	0.5578	0.5645	0.5705	0.5767	0.5825	0.5882	0.594 	0.5997	0.6053	0.6111	0.6166	0.6356	0.6516	0.6659	0.6778	0.6893	0.7003	0.7108	0.721 	0.7308	0.7404	0.7497	0.7588	0.7678	0.7765	0.785 	0.7933	0.8016	0.8097	0.8177	0.8256 	1.601     	              
0.1649 	0.4847	0.4956	0.5054	0.5149	0.524 	0.5327	0.5409	0.5485	0.5558	0.5629	0.5697	0.5765	0.5825	0.5887	0.5947	0.6005	0.6062	0.6121	0.6179	0.6237	0.6291	0.6485	0.665 	0.6792	0.6913	0.7031	0.7143	0.725 	0.7354	0.7455	0.7553	0.7649	0.7743	0.7834	0.7924	0.8011	0.8096	0.818 	0.8264	0.8346	0.8427 	1.637     	              
0.1768 	0.4951	0.5063	0.5163	0.5261	0.5353	0.5443	0.5525	0.5602	0.5677	0.575 	0.5817	0.5886	0.5946	0.6007	0.6069	0.6129	0.6188	0.6247	0.6307	0.6364	0.642 	0.6618	0.6788	0.6928	0.7052	0.7172	0.7285	0.7395	0.75  	0.7603	0.7705	0.7803	0.7899	0.7993	0.8085	0.8174	0.8262	0.8348	0.8433	0.8518	0.8601 	1.673     	              
0.1895 	0.5058	0.5172	0.5276	0.5375	0.547 	0.5561	0.5643	0.5722	0.5798	0.5872	0.5939	0.6008	0.607 	0.6132	0.6193	0.6256	0.6316	0.6376	0.6436	0.6494	0.6555	0.6758	0.6932	0.707 	0.7196	0.7317	0.7432	0.7543	0.765 	0.7755	0.7858	0.7959	0.8057	0.8154	0.8248	0.834 	0.8431	0.8519	0.8606	0.8693	0.8778 	1.711     	              
0.2031 	0.5167	0.5284	0.539 	0.5492	0.5589	0.5681	0.5764	0.5844	0.5921	0.5996	0.6063	0.6131	0.6195	0.6259	0.6322	0.6384	0.6447	0.6508	0.6569	0.6626	0.6688	0.6896	0.7074	0.7213	0.7343	0.7467	0.7585	0.7696	0.7805	0.7911	0.8015	0.8118	0.8218	0.8317	0.8414	0.8509	0.8602	0.8693	0.8783	0.8872	0.8959 	1.75      	              
0.2176 	0.5277	0.5397	0.5507	0.5611	0.5711	0.5802	0.5887	0.597 	0.6046	0.6121	0.6189	0.6255	0.6322	0.6388	0.6453	0.6516	0.6579	0.6642	0.6705	0.6763	0.6825	0.7037	0.7218	0.7357	0.7491	0.7616	0.7736	0.7851	0.7964	0.8073	0.8177	0.828 	0.8382	0.8482	0.8581	0.8679	0.8777	0.887 	0.8963	0.9053	0.9144 	1.789     	              
0.2333 	0.5389	0.5512	0.5625	0.5731	0.5833	0.5925	0.6012	0.6096	0.6172	0.6248	0.6317	0.6384	0.6452	0.6519	0.6585	0.6651	0.6715	0.6778	0.6843	0.6904	0.6965	0.7182	0.7364	0.7506	0.7642	0.7769	0.7891	0.8008	0.8123	0.8235	0.8343	0.8449	0.855 	0.8651	0.8752	0.8852	0.8953	0.9051	0.9146	0.9239	0.9331 	1.828     	              
0.25   	0.5504	0.563 	0.5745	0.5854	0.5958	0.605 	0.6139	0.6224	0.63  	0.6375	0.6446	0.6516	0.6585	0.6653	0.672 	0.6787	0.6854	0.6919	0.6983	0.7045	0.711 	0.7333	0.7514	0.7661	0.7798	0.7927	0.805 	0.8169	0.8286	0.8399	0.8509	0.8617	0.8723	0.8826	0.8927	0.9028	0.9133	0.9234	0.9333	0.9428	0.9522 	1.869     	              
0.2679 	0.5621	0.5749	0.5868	0.598 	0.6085	0.6178	0.6268	0.6354	0.643 	0.6504	0.6577	0.6649	0.672 	0.679 	0.6859	0.6927	0.6995	0.7061	0.7127	0.7189	0.7255	0.7483	0.7664	0.7816	0.7956	0.8088	0.8215	0.8337	0.8454	0.8568	0.8679	0.8789	0.8896	0.9004	0.9109	0.921 	0.9315	0.942 	0.9522	0.9621	0.9717 	1.911     	              
0.2872 	0.5739	0.5871	0.5993	0.6108	0.6213	0.6309	0.64  	0.6485	0.6562	0.6637	0.6712	0.6785	0.6858	0.693 	0.7   	0.707 	0.7138	0.7207	0.7274	0.7338	0.7404	0.7637	0.7818	0.7973	0.8116	0.825 	0.8379	0.8505	0.8625	0.8742	0.8854	0.8965	0.9074	0.9183	0.9293	0.9399	0.9502	0.9609	0.9714	0.9816	0.9916 	1.953     	              
0.3078 	0.5859	0.5994	0.6119	0.6237	0.6342	0.644 	0.6533	0.6616	0.6696	0.6773	0.685 	0.6925	0.6999	0.7071	0.7144	0.7215	0.7285	0.7354	0.7424	0.7491	0.7556	0.7795	0.7976	0.8135	0.828 	0.8416	0.8547	0.8675	0.8797	0.8916	0.9032	0.9148	0.9258	0.9368	0.9479	0.9589	0.9695	0.9801	0.9909	1.0015	1.0117 	1.996     	              
0.3299 	0.5982	0.6121	0.6249	0.6369	0.6475	0.6575	0.6667	0.6749	0.6831	0.6911	0.6989	0.7067	0.7142	0.7217	0.729 	0.7363	0.7435	0.7506	0.7576	0.7646	0.7714	0.7958	0.8141	0.8302	0.8449	0.8588	0.8721	0.885 	0.8973	0.9094	0.9212	0.933 	0.9447	0.9559	0.9669	0.9781	0.9891	0.9998	1.0106	1.0217	1.0322 	2.04      	              
0.3536 	0.6107	0.6249	0.638 	0.6503	0.6611	0.6711	0.6803	0.6887	0.697 	0.7051	0.7131	0.7211	0.7288	0.7365	0.744 	0.7514	0.7588	0.7661	0.7732	0.7803	0.7873	0.8124	0.8308	0.8472	0.8622	0.8763	0.8899	0.9029	0.9154	0.9277	0.9397	0.9517	0.9636	0.9753	0.9866	0.9977	1.0088	1.02  	1.0308	1.0421	1.0532 	2.086     	              
0.3789 	0.6234	0.638 	0.6514	0.6638	0.6748	0.6849	0.6941	0.7027	0.7112	0.7195	0.7277	0.7358	0.7437	0.7515	0.7593	0.7669	0.7743	0.7818	0.7891	0.7963	0.8036	0.8292	0.8478	0.8644	0.8797	0.8941	0.9079	0.9212	0.934 	0.9466	0.9589	0.9709	0.9829	0.9948	1.0064	1.0179	1.029 	1.0403	1.0515	1.0629	1.0745 	2.132     	              
0.4061 	0.6362	0.6512	0.665 	0.6775	0.6886	0.6988	0.708 	0.7168	0.7256	0.7341	0.7425	0.7508	0.7589	0.7668	0.7747	0.7826	0.7902	0.7978	0.8053	0.8127	0.8201	0.8463	0.8652	0.8819	0.8975	0.9122	0.9263	0.9398	0.9529	0.9658	0.9785	0.9908	1.0028	1.0147	1.0265	1.0382	1.0497	1.0611	1.0727	1.084 	1.0961 	2.179     	              
0.4353 	0.6494	0.6648	0.6789	0.6915	0.7028	0.713 	0.7222	0.7313	0.7402	0.749 	0.7576	0.7661	0.7744	0.7825	0.7906	0.7985	0.8064	0.8142	0.8218	0.8294	0.8369	0.8637	0.8828	0.8998	0.9156	0.9306	0.9449	0.9587	0.9721	0.9853	0.9982	1.0108	1.0232	1.0351	1.047 	1.0589	1.071 	1.0825	1.094 	1.1057	1.118  	2.227     	              
0.4665 	0.6627	0.6785	0.693 	0.7057	0.7172	0.7273	0.7367	0.7461	0.7552	0.7641	0.7729	0.7816	0.7901	0.7985	0.8068	0.8149	0.8229	0.8309	0.8387	0.8465	0.8541	0.8815	0.9009	0.9181	0.9342	0.9494	0.9638	0.9778	0.9917	1.0052	1.0183	1.0311	1.0438	1.0561	1.0682	1.0802	1.0926	1.1046	1.1159	1.1283	1.1405 	2.276     	              
0.5    	0.6761	0.6924	0.7073	0.7201	0.7317	0.7418	0.7515	0.7611	0.7704	0.7796	0.7886	0.7974	0.8061	0.8147	0.8232	0.8315	0.8397	0.8478	0.8559	0.8638	0.8717	0.8996	0.9192	0.9367	0.9531	0.9686	0.9834	0.9976	1.0118	1.0254	1.0388	1.0517	1.0648	1.0775	1.0899	1.1023	1.1147	1.1269	1.1385	1.151 	1.1632 	2.326     	              
0.5359 	0.6899	0.7066	0.7218	0.7348	0.7463	0.7565	0.7665	0.7763	0.7859	0.7953	0.8045	0.8136	0.8225	0.8312	0.8399	0.8485	0.8569	0.8651	0.8734	0.8815	0.8896	0.9178	0.9378	0.9557	0.9724	0.9881	1.0032	1.0179	1.0322	1.0461	1.0597	1.0727	1.0862	1.0992	1.112 	1.1246	1.1371	1.1495	1.1617	1.174 	1.1863 	2.378     	              
0.5743 	0.7038	0.721 	0.7364	0.7497	0.7612	0.7715	0.7818	0.7918	0.8016	0.8112	0.8207	0.83  	0.8392	0.8481	0.857 	0.8657	0.8743	0.8829	0.8912	0.8996	0.9078	0.9364	0.9568	0.975 	0.992 	1.0078	1.0234	1.0384	1.053 	1.0671	1.0811	1.0945	1.108 	1.1214	1.1344	1.1473	1.1599	1.1724	1.1849	1.1973	1.21   	2.43      	              
0.6156 	0.7179	0.7356	0.7513	0.7648	0.7762	0.7869	0.7974	0.8076	0.8177	0.8275	0.8372	0.8467	0.8561	0.8653	0.8744	0.8833	0.8921	0.9009	0.9094	0.918 	0.9264	0.9556	0.9762	0.9948	1.012 	1.0281	1.044 	1.0593	1.0742	1.0884	1.1029	1.1167	1.1305	1.144 	1.1571	1.1702	1.1831	1.1957	1.208 	1.221 	1.234  	2.482     	              
0.6598 	0.7323	0.7504	0.7663	0.78  	0.7913	0.8024	0.8132	0.8237	0.834 	0.8441	0.854 	0.8638	0.8733	0.8827	0.8921	0.9012	0.9102	0.9191	0.928 	0.9367	0.9454	0.975 	0.996 	1.0149	1.0324	1.049 	1.0651	1.0807	1.0958	1.1102	1.125 	1.1393	1.1533	1.167 	1.1804	1.1935	1.207 	1.22  	1.232 	1.245 	1.258  	2.536     	              
0.7071 	0.7469	0.7655	0.7816	0.7954	0.8069	0.8182	0.8292	0.84  	0.8506	0.8609	0.8711	0.8811	0.8909	0.9005	0.91  	0.9194	0.9287	0.9378	0.9469	0.9558	0.9647	0.9947	1.0161	1.0354	1.0531	1.0701	1.0866	1.1024	1.1179	1.1327	1.1477	1.1622	1.1764	1.1903	1.204 	1.217 	1.23  	1.244 	1.257 	1.27  	1.283  	2.592     	              
0.7579 	0.7616	0.7808	0.7971	0.8109	0.8227	0.8343	0.8456	0.8567	0.8675	0.8781	0.8884	0.8987	0.9088	0.9187	0.9284	0.938 	0.9475	0.9569	0.9661	0.9753	0.9843	1.0148	1.0366	1.0562	1.0742	1.0917	1.1084	1.1245	1.1404	1.1557	1.1709	1.1857	1.2   	1.214 	1.228 	1.241 	1.255 	1.268 	1.281 	1.294 	1.308  	2.648     	0.7725        
0.8123 	0.7766	0.7962	0.8128	0.8265	0.8387	0.8506	0.8623	0.8736	0.8847	0.8955	0.9062	0.9166	0.9269	0.9371	0.9471	0.9569	0.9666	0.9762	0.9857	0.9951	1.0044	1.0354	1.0576	1.0775	1.0958	1.1137	1.1306	1.1469	1.1632	1.179 	1.1944	1.209 	1.224 	1.238 	1.252 	1.266 	1.28  	1.293 	1.306 	1.32  	1.333  	2.705     	0.7862        
0.8706 	0.7918	0.812 	0.8288	0.8425	0.855 	0.8672	0.8791	0.8907	0.9021	0.9133	0.9242	0.9349	0.9454	0.9558	0.966 	0.9762	0.9861	0.9959	1.0057	1.0152	1.0248	1.0563	1.0789	1.0992	1.1179	1.1361	1.1533	1.1701	1.1866	1.203 	1.218 	1.233 	1.248 	1.263 	1.277 	1.291 	1.305 	1.318 	1.332 	1.346 	1.359  	2.763     	0.8007        
0.933  	0.8072	0.828 	0.8451	0.8587	0.8716	0.8841	0.8963	0.9082	0.9198	0.9312	0.9424	0.9534	0.9643	0.9749	0.9854	0.9957	1.0059	1.016 	1.026 	1.0358	1.0456	1.0776	1.1006	1.1211	1.1404	1.1588	1.1764	1.1937	1.211 	1.227 	1.243 	1.258 	1.273 	1.288 	1.302 	1.316 	1.33  	1.344 	1.358 	1.372 	1.386  	2.823     	0.8158        
1.     	0.8228	0.8442	0.8614	0.8752	0.8884	0.9013	0.9138	0.926 	0.9379	0.9496	0.961 	0.9723	0.9834	0.9943	1.005 	1.0156	1.026 	1.0364	1.0466	1.0568	1.0667	1.0993	1.1227	1.1435	1.1632	1.1819	1.1998	1.218 	1.235 	1.251 	1.267 	1.283 	1.298 	1.313 	1.328 	1.342 	1.356 	1.37  	1.384 	1.398 	1.412  	2.884     	0.8317        
1.0718 	0.8386	0.8605	0.8779	0.8919	0.9054	0.9186	0.9315	0.944 	0.9562	0.9682	0.98  	0.9915	1.0028	1.014 	1.025 	1.0359	1.0466	1.0572	1.0677	1.078 	1.0883	1.1214	1.1452	1.1664	1.1865	1.206 	1.224 	1.242 	1.259 	1.276 	1.292 	1.308 	1.324 	1.339 	1.353 	1.368 	1.383 	1.397 	1.411 	1.425 	1.44   	2.946     	0.8483        
1.1487 	0.8546	0.8771	0.8946	0.9089	0.9228	0.9363	0.9495	0.9623	0.9748	0.9871	0.9991	1.011 	1.0226	1.034 	1.0453	1.0565	1.0675	1.0783	1.089 	1.0996	1.1102	1.1439	1.1681	1.1897	1.21  	1.23  	1.248 	1.267 	1.285 	1.301 	1.318 	1.334 	1.35  	1.365 	1.38  	1.395 	1.409 	1.424 	1.438 	1.453 	1.467  	3.008     	0.8656        
1.231  	0.8708	0.8939	0.9114	0.9261	0.9404	0.9543	0.9677	0.9809	0.9937	1.0063	1.0186	1.0307	1.0427	1.0544	1.066 	1.0773	1.0886	1.0998	1.1107	1.1217	1.1324	1.1667	1.1913	1.213 	1.234 	1.254 	1.273 	1.292 	1.31  	1.327 	1.344 	1.36  	1.376 	1.391 	1.407 	1.422 	1.437 	1.451 	1.466 	1.481 	1.495  	3.073     	0.8837        
1.32   	0.8872	0.9108	0.9283	0.9436	0.9582	0.9724	0.9863	0.9997	1.0129	1.0258	1.0385	1.0509	1.063 	1.0751	1.087 	1.0987	1.1101	1.1216	1.1329	1.1441	1.1551	1.1899	1.215 	1.238 	1.259 	1.279 	1.299 	1.318 	1.336 	1.353 	1.37  	1.387 	1.403 	1.418 	1.434 	1.449 	1.464 	1.479 	1.494 	1.509 	1.524  	3.138     	0.9024        
1.414  	0.9039	0.9281	0.9457	0.9613	0.9764	0.9909	1.0051	1.0189	1.0324	1.0456	1.0586	1.0713	1.0838	1.0961	1.1082	1.1203	1.1321	1.1437	1.1554	1.1668	1.1782	1.214 	1.239 	1.262 	1.284 	1.304 	1.325 	1.344 	1.362 	1.38  	1.397 	1.414 	1.43  	1.446 	1.462 	1.477 	1.493 	1.508 	1.523 	1.538 	1.553  	3.205     	0.9218        
1.516  	0.9207	0.9454	0.9633	0.9793	0.9947	1.0097	1.0242	1.0383	1.0522	1.0657	1.0789	1.092 	1.1049	1.1175	1.1299	1.1422	1.1544	1.1663	1.1782	1.1899	1.202 	1.238 	1.264 	1.287 	1.309 	1.33  	1.351 	1.37  	1.389 	1.407 	1.424 	1.441 	1.458 	1.474 	1.49  	1.506 	1.521 	1.537 	1.552 	1.568 	1.583  	3.272     	0.9419        
1.625  	0.9377	0.963 	0.9811	0.9975	1.0133	1.0287	1.0436	1.0581	1.0722	1.0861	1.0997	1.113 	1.1262	1.1392	1.1519	1.1645	1.1769	1.1893	1.201 	1.214 	1.225 	1.262 	1.288 	1.312 	1.335 	1.357 	1.377 	1.397 	1.416 	1.434 	1.452 	1.469 	1.486 	1.502 	1.518 	1.535 	1.55  	1.566 	1.582 	1.597 	1.613  	3.342     	0.9626        
1.741  	0.9549	0.9808	0.9992	1.016 	1.0322	1.0479	1.0631	1.078 	1.0926	1.1068	1.1208	1.1345	1.1479	1.1611	1.1743	1.1872	1.1999	1.213 	1.225 	1.237 	1.25  	1.287 	1.314 	1.338 	1.361 	1.384 	1.404 	1.424 	1.443 	1.462 	1.48  	1.497 	1.514 	1.531 	1.547 	1.564 	1.58  	1.596 	1.612 	1.628 	1.644  	3.412     	0.9838        
1.866  	0.9724	0.9989	1.0174	1.0347	1.0514	1.0675	1.0831	1.0983	1.1132	1.1278	1.1421	1.1561	1.1699	1.1835	1.1969	1.21  	1.223 	1.236 	1.249 	1.262 	1.274 	1.312 	1.339 	1.364 	1.388 	1.411 	1.432 	1.452 	1.471 	1.49  	1.508 	1.526 	1.543 	1.56  	1.577 	1.594 	1.61  	1.626 	1.643 	1.659 	1.675  	3.483     	1.0056        
2.     	0.9899	1.0171	1.0359	1.0536	1.0707	1.0872	1.1033	1.1189	1.1342	1.1491	1.1637	1.1781	1.1922	1.206 	1.22  	1.233 	1.247 	1.26  	1.273 	1.286 	1.299 	1.338 	1.366 	1.391 	1.415 	1.438 	1.46  	1.48  	1.499 	1.518 	1.537 	1.555 	1.573 	1.59  	1.607 	1.624 	1.641 	1.657 	1.674 	1.69  	1.707  	3.556     	1.0278        
2.144  	1.0077	1.0354	1.0546	1.0728	1.0903	1.1073	1.1237	1.1397	1.1554	1.1707	1.1857	1.2   	1.215 	1.229 	1.243 	1.257 	1.271 	1.285 	1.298 	1.311 	1.325 	1.364 	1.392 	1.418 	1.443 	1.466 	1.488 	1.508 	1.528 	1.548 	1.566 	1.585 	1.603 	1.62  	1.638 	1.655 	1.672 	1.689 	1.706 	1.722 	1.739  	3.631     	1.0504        
2.297  	1.0257	1.0538	1.0735	1.0923	1.1103	1.1276	1.1445	1.1609	1.1769	1.1925	1.208 	1.223 	1.238 	1.253 	1.267 	1.281 	1.295 	1.309 	1.323 	1.337 	1.35  	1.39  	1.419 	1.446 	1.471 	1.494 	1.516 	1.537 	1.557 	1.577 	1.596 	1.615 	1.633 	1.651 	1.669 	1.686 	1.704 	1.721 	1.738 	1.755 	1.772  	3.706     	1.0733        
2.462  	1.0439	1.0723	1.0927	1.1119	1.1304	1.1482	1.1655	1.1823	1.1987	1.215 	1.23  	1.246 	1.261 	1.276 	1.291 	1.306 	1.32  	1.334 	1.348 	1.362 	1.376 	1.417 	1.447 	1.474 	1.499 	1.523 	1.545 	1.566 	1.587 	1.607 	1.626 	1.645 	1.664 	1.682 	1.7   	1.718 	1.736 	1.753 	1.77  	1.788 	1.805  	3.783     	1.0965        
2.639  	1.0622	1.0912	1.1121	1.1318	1.1507	1.169 	1.1867	1.204 	1.221 	1.237 	1.253 	1.269 	1.285 	1.3   	1.315 	1.33  	1.345 	1.36  	1.374 	1.389 	1.403 	1.444 	1.474 	1.502 	1.528 	1.552 	1.575 	1.596 	1.617 	1.637 	1.657 	1.676 	1.695 	1.714 	1.732 	1.75  	1.768 	1.786 	1.804 	1.822 	1.839  	3.861     	1.1197        
2.828  	1.0808	1.1102	1.1317	1.152 	1.1714	1.1901	1.208 	1.226 	1.243 	1.26  	1.276 	1.293 	1.309 	1.324 	1.34  	1.355 	1.37  	1.385 	1.4   	1.415 	1.43  	1.472 	1.503 	1.531 	1.557 	1.581 	1.604 	1.626 	1.647 	1.668 	1.688 	1.708 	1.727 	1.746 	1.765 	1.783 	1.802 	1.82  	1.838 	1.856 	1.874  	3.94      	1.143         
3.031  	1.0995	1.1294	1.1515	1.1724	1.1923	1.211 	1.23  	1.248 	1.266 	1.283 	1.3   	1.317 	1.333 	1.349 	1.365 	1.381 	1.396 	1.412 	1.427 	1.442 	1.457 	1.5   	1.531 	1.56  	1.587 	1.611 	1.635 	1.657 	1.678 	1.699 	1.72  	1.74  	1.759 	1.779 	1.798 	1.817 	1.835 	1.854 	1.872 	1.891 	1.909  	4.021     	1.1663        
3.249  	1.1184	1.1489	1.1716	1.193 	1.213 	1.233 	1.252 	1.271 	1.289 	1.306 	1.324 	1.341 	1.357 	1.374 	1.39  	1.406 	1.422 	1.438 	1.454 	1.469 	1.485 	1.528 	1.56  	1.59  	1.617 	1.642 	1.665 	1.688 	1.71  	1.731 	1.752 	1.772 	1.792 	1.812 	1.831 	1.851 	1.87  	1.888 	1.907 	1.926 	1.944  	4.103     	1.1895        
3.482  	1.1374	1.1686	1.1919	1.214 	1.235 	1.255 	1.274 	1.293 	1.312 	1.33  	1.348 	1.365 	1.382 	1.399 	1.416 	1.432 	1.449 	1.465 	1.481 	1.497 	1.513 	1.557 	1.59  	1.62  	1.647 	1.672 	1.696 	1.719 	1.742 	1.763 	1.784 	1.805 	1.826 	1.846 	1.866 	1.885 	1.904 	1.924 	1.943 	1.962 	1.981  	4.187     	1.213         
3.732  	1.1566	1.1884	1.212 	1.235 	1.256 	1.277 	1.297 	1.316 	1.335 	1.354 	1.372 	1.39  	1.407 	1.425 	1.442 	1.459 	1.476 	1.492 	1.509 	1.525 	1.541 	1.586 	1.62  	1.651 	1.678 	1.704 	1.728 	1.751 	1.774 	1.796 	1.817 	1.839 	1.86  	1.88  	1.9   	1.92  	1.94  	1.959 	1.979 	1.998 	2.017  	4.272     	1.236         
4.     	1.176 	1.208 	1.233 	1.256 	1.278 	1.299 	1.32  	1.34  	1.359 	1.378 	1.397 	1.415 	1.433 	1.451 	1.468 	1.486 	1.503 	1.52  	1.536 	1.553 	1.57  	1.616 	1.65  	1.681 	1.709 	1.735 	1.76  	1.784 	1.807 	1.829 	1.851 	1.873 	1.894 	1.915 	1.935 	1.955 	1.975 	1.995 	2.015 	2.035 	2.055  	4.358     	1.262         
4.287  	1.1956	1.229 	1.254 	1.278 	1.3   	1.322 	1.343 	1.363 	1.383 	1.402 	1.422 	1.44  	1.459 	1.477 	1.495 	1.513 	1.53  	1.548 	1.565 	1.582 	1.599 	1.646 	1.681 	1.712 	1.741 	1.767 	1.792 	1.816 	1.84  	1.863 	1.885 	1.907 	1.929 	1.95  	1.971 	1.991 	2.012 	2.032 	2.052 	2.072 	2.092  	4.445     	1.289         
4.595  	1.215 	1.249 	1.275 	1.299 	1.322 	1.345 	1.366 	1.387 	1.407 	1.427 	1.447 	1.466 	1.485 	1.503 	1.522 	1.54  	1.558 	1.576 	1.593 	1.611 	1.629 	1.677 	1.713 	1.744 	1.773 	1.799 	1.825 	1.85  	1.873 	1.897 	1.92  	1.942 	1.964 	1.985 	2.007 	2.028 	2.048 	2.069 	2.09  	2.11  	2.131  	4.535     	1.315         
4.925  	1.235 	1.27  	1.296 	1.321 	1.345 	1.368 	1.39  	1.411 	1.432 	1.452 	1.472 	1.492 	1.511 	1.53  	1.549 	1.568 	1.586 	1.604 	1.622 	1.641 	1.659 	1.707 	1.744 	1.776 	1.805 	1.832 	1.858 	1.883 	1.908 	1.931 	1.955 	1.977 	2.    	2.022 	2.043 	2.064 	2.086 	2.107 	2.128 	2.149 	2.169  	4.625     	1.342         
5.278  	1.255 	1.291 	1.318 	1.344 	1.368 	1.391 	1.413 	1.435 	1.457 	1.477 	1.498 	1.518 	1.538 	1.557 	1.576 	1.596 	1.614 	1.633 	1.652 	1.67  	1.689 	1.738 	1.776 	1.808 	1.838 	1.865 	1.892 	1.917 	1.942 	1.966 	1.99  	2.013 	2.036 	2.058 	2.08  	2.102 	2.123 	2.145 	2.166 	2.187 	2.209  	4.717     	1.369         
5.657  	1.275 	1.312 	1.34  	1.366 	1.391 	1.415 	1.438 	1.46  	1.482 	1.503 	1.524 	1.544 	1.565 	1.585 	1.604 	1.624 	1.643 	1.662 	1.682 	1.7   	1.719 	1.77  	1.808 	1.841 	1.871 	1.899 	1.926 	1.952 	1.977 	2.002 	2.026 	2.049 	2.072 	2.095 	2.117 	2.14  	2.162 	2.183 	2.205 	2.227 	2.249  	4.81      	1.396         
6.063  	1.296 	1.333 	1.362 	1.389 	1.414 	1.438 	1.462 	1.485 	1.507 	1.529 	1.55  	1.571 	1.592 	1.612 	1.633 	1.653 	1.672 	1.692 	1.711 	1.731 	1.75  	1.802 	1.841 	1.874 	1.904 	1.933 	1.96  	1.987 	2.013 	2.038 	2.062 	2.086 	2.11  	2.133 	2.155 	2.178 	2.2   	2.222 	2.244 	2.267 	2.289  	4.904     	1.424         
6.498  	1.316 	1.354 	1.384 	1.411 	1.437 	1.462 	1.486 	1.51  	1.532 	1.555 	1.577 	1.598 	1.619 	1.64  	1.661 	1.681 	1.702 	1.722 	1.742 	1.762 	1.782 	1.834 	1.874 	1.907 	1.938 	1.967 	1.995 	2.023 	2.049 	2.074 	2.099 	2.123 	2.147 	2.17  	2.194 	2.217 	2.239 	2.262 	2.284 	2.307 	2.33   	5.        	1.452         
6.964  	1.337 	1.376 	1.406 	1.434 	1.461 	1.486 	1.511 	1.535 	1.558 	1.581 	1.603 	1.625 	1.647 	1.669 	1.69  	1.711 	1.731 	1.752 	1.773 	1.793 	1.813 	1.867 	1.907 	1.941 	1.973 	2.002 	2.031 	2.058 	2.085 	2.111 	2.136 	2.161 	2.185 	2.209 	2.232 	2.256 	2.279 	2.302 	2.325 	2.348 	2.371  	5.097     	1.481         
7.464  	1.358 	1.397 	1.429 	1.458 	1.485 	1.511 	1.536 	1.56  	1.584 	1.608 	1.631 	1.653 	1.675 	1.697 	1.719 	1.74  	1.761 	1.783 	1.803 	1.824 	1.845 	1.9   	1.941 	1.975 	2.007 	2.038 	2.067 	2.095 	2.122 	2.148 	2.173 	2.199 	2.223 	2.248 	2.272 	2.295 	2.319 	2.342 	2.365 	2.389 	2.412  	5.196     	1.51          
8.     	1.378 	1.419 	1.451 	1.481 	1.509 	1.535 	1.561 	1.586 	1.611 	1.634 	1.658 	1.681 	1.704 	1.726 	1.748 	1.77  	1.792 	1.813 	1.835 	1.856 	1.878 	1.934 	1.975 	2.01  	2.043 	2.073 	2.103 	2.131 	2.159 	2.185 	2.211 	2.237 	2.262 	2.287 	2.311 	2.335 	2.359 	2.383 	2.407 	2.43  	2.454  	5.296     	1.54          
8.574  	1.399 	1.441 	1.474 	1.504 	1.533 	1.56  	1.587 	1.612 	1.637 	1.661 	1.685 	1.709 	1.732 	1.755 	1.778 	1.8   	1.822 	1.844 	1.867 	1.888 	1.91  	1.968 	2.009 	2.045 	2.078 	2.11  	2.14  	2.168 	2.196 	2.223 	2.25  	2.276 	2.301 	2.326 	2.351 	2.376 	2.4   	2.424 	2.448 	2.472 	2.497  	5.397     	1.569         
9.19   	1.421 	1.464 	1.497 	1.528 	1.557 	1.585 	1.612 	1.638 	1.664 	1.689 	1.713 	1.737 	1.761 	1.784 	1.808 	1.831 	1.853 	1.876 	1.898 	1.921 	1.943 	2.002 	2.044 	2.08  	2.114 	2.146 	2.177 	2.206 	2.234 	2.262 	2.288 	2.315 	2.341 	2.366 	2.391 	2.416 	2.441 	2.466 	2.49  	2.515 	2.54   	5.499     	1.599         
9.849  	1.442 	1.486 	1.52  	1.552 	1.582 	1.611 	1.638 	1.665 	1.691 	1.716 	1.741 	1.766 	1.79  	1.814 	1.838 	1.861 	1.884 	1.908 	1.931 	1.954 	1.977 	2.037 	2.079 	2.116 	2.15  	2.183 	2.214 	2.244 	2.272 	2.3   	2.328 	2.354 	2.381 	2.407 	2.432 	2.458 	2.483 	2.508 	2.533 	2.558 	2.583  	5.603     	1.63          
10.56  	1.463 	1.509 	1.544 	1.576 	1.607 	1.636 	1.664 	1.691 	1.718 	1.744 	1.77  	1.795 	1.819 	1.844 	1.868 	1.892 	1.916 	1.94  	1.963 	1.987 	2.01  	2.072 	2.115 	2.152 	2.187 	2.22  	2.252 	2.282 	2.311 	2.339 	2.367 	2.394 	2.421 	2.447 	2.473 	2.499 	2.525 	2.55  	2.576 	2.601 	2.627  	5.708     	1.661         
11.31  	1.485 	1.531 	1.568 	1.601 	1.632 	1.662 	1.69  	1.718 	1.745 	1.772 	1.798 	1.824 	1.849 	1.874 	1.899 	1.923 	1.948 	1.972 	1.996 	2.02  	2.044 	2.107 	2.15  	2.189 	2.224 	2.258 	2.29  	2.32  	2.35  	2.379 	2.407 	2.434 	2.462 	2.488 	2.515 	2.541 	2.567 	2.593 	2.619 	2.645 	2.672  	5.814     	1.693         
12.13  	1.506 	1.554 	1.591 	1.625 	1.657 	1.687 	1.717 	1.745 	1.773 	1.8   	1.827 	1.853 	1.879 	1.904 	1.93  	1.955 	1.98  	2.004 	2.029 	2.054 	2.078 	2.142 	2.186 	2.225 	2.262 	2.296 	2.328 	2.359 	2.389 	2.419 	2.447 	2.475 	2.503 	2.53  	2.557 	2.584 	2.61  	2.637 	2.663 	2.69  	2.716  	5.922     	1.726         
13.    	1.528 	1.577 	1.615 	1.65  	1.682 	1.713 	1.743 	1.772 	1.801 	1.829 	1.856 	1.883 	1.909 	1.935 	1.961 	1.987 	2.012 	2.037 	2.063 	2.088 	2.113 	2.178 	2.223 	2.263 	2.3   	2.334 	2.367 	2.398 	2.429 	2.459 	2.488 	2.516 	2.544 	2.572 	2.599 	2.627 	2.653 	2.68  	2.707 	2.734 	2.761  	6.03      	1.759         
13.93  	1.55  	1.6   	1.639 	1.675 	1.708 	1.74  	1.77  	1.8   	1.829 	1.857 	1.885 	1.912 	1.939 	1.966 	1.992 	2.019 	2.045 	2.071 	2.096 	2.122 	2.148 	2.214 	2.26  	2.3   	2.338 	2.373 	2.406 	2.438 	2.469 	2.499 	2.528 	2.557 	2.586 	2.614 	2.642 	2.67  	2.697 	2.724 	2.752 	2.779 	2.807  	6.14      	1.793         
14.93  	1.572 	1.624 	1.663 	1.7   	1.734 	1.766 	1.797 	1.828 	1.857 	1.886 	1.914 	1.942 	1.97  	1.997 	2.024 	2.051 	2.077 	2.104 	2.13  	2.157 	2.183 	2.251 	2.297 	2.338 	2.376 	2.412 	2.445 	2.478 	2.509 	2.54  	2.57  	2.599 	2.628 	2.657 	2.685 	2.713 	2.741 	2.769 	2.796 	2.824 	2.852  	6.251     	1.827         
16.    	1.594 	1.647 	1.688 	1.725 	1.76  	1.793 	1.824 	1.855 	1.885 	1.915 	1.944 	1.973 	2.001 	2.028 	2.056 	2.083 	2.111 	2.138 	2.165 	2.192 	2.219 	2.287 	2.335 	2.376 	2.415 	2.451 	2.485 	2.518 	2.55  	2.581 	2.611 	2.641 	2.671 	2.7   	2.728 	2.757 	2.785 	2.813 	2.841 	2.869 	2.898  	6.363     	1.862         
17.15  	1.616 	1.671 	1.712 	1.75  	1.786 	1.819 	1.852 	1.883 	1.914 	1.944 	1.974 	2.003 	2.032 	2.06  	2.088 	2.116 	2.144 	2.172 	2.199 	2.227 	2.254 	2.324 	2.372 	2.415 	2.454 	2.49  	2.525 	2.559 	2.591 	2.622 	2.653 	2.684 	2.713 	2.743 	2.772 	2.8   	2.829 	2.858 	2.886 	2.915 	2.944  	6.476     	1.898         
18.38  	1.639 	1.694 	1.737 	1.776 	1.812 	1.846 	1.879 	1.912 	1.943 	1.974 	2.004 	2.034 	2.063 	2.092 	2.121 	2.149 	2.177 	2.206 	2.234 	2.262 	2.29  	2.362 	2.411 	2.454 	2.493 	2.53  	2.565 	2.599 	2.632 	2.664 	2.696 	2.726 	2.756 	2.786 	2.815 	2.845 	2.874 	2.903 	2.932 	2.961 	2.99   	6.59      	1.934         
19.7   	1.661 	1.718 	1.762 	1.801 	1.838 	1.873 	1.907 	1.94  	1.972 	2.003 	2.034 	2.064 	2.094 	2.124 	2.153 	2.182 	2.211 	2.24  	2.269 	2.298 	2.327 	2.399 	2.449 	2.493 	2.533 	2.57  	2.606 	2.64  	2.674 	2.706 	2.738 	2.769 	2.8   	2.83  	2.859 	2.889 	2.918 	2.948 	2.977 	3.007 	3.037  	6.705     	1.971         
21.11  	1.683 	1.742 	1.787 	1.827 	1.865 	1.9   	1.935 	1.968 	2.001 	2.033 	2.064 	2.095 	2.126 	2.156 	2.186 	2.216 	2.245 	2.275 	2.304 	2.333 	2.363 	2.437 	2.488 	2.532 	2.573 	2.611 	2.647 	2.682 	2.716 	2.749 	2.781 	2.812 	2.843 	2.873 	2.903 	2.933 	2.963 	2.993 	3.023 	3.053 	3.083  	6.821     	2.009         
22.63  	1.706 	1.766 	1.812 	1.853 	1.891 	1.928 	1.963 	1.997 	2.03  	2.063 	2.095 	2.127 	2.158 	2.188 	2.219 	2.249 	2.279 	2.309 	2.339 	2.369 	2.4   	2.475 	2.527 	2.572 	2.613 	2.651 	2.688 	2.724 	2.758 	2.791 	2.824 	2.855 	2.886 	2.917 	2.948 	2.978 	3.008 	3.038 	3.068 	3.099 	3.13   	6.938     	2.047         
24.25  	1.728 	1.79  	1.837 	1.878 	1.918 	1.955 	1.991 	2.026 	2.06  	2.093 	2.126 	2.158 	2.19  	2.221 	2.252 	2.283 	2.313 	2.344 	2.374 	2.405 	2.436 	2.513 	2.565 	2.611 	2.653 	2.692 	2.729 	2.765 	2.8   	2.834 	2.866 	2.899 	2.93  	2.961 	2.992 	3.023 	3.053 	3.084 	3.114 	3.145 	3.176  	7.055     	2.085         
25.99  	1.751 	1.814 	1.862 	1.904 	1.944 	1.982 	2.019 	2.055 	2.089 	2.123 	2.157 	2.189 	2.221 	2.253 	2.285 	2.316 	2.347 	2.378 	2.409 	2.441 	2.473 	2.551 	2.604 	2.651 	2.693 	2.733 	2.771 	2.807 	2.842 	2.876 	2.909 	2.942 	2.974 	3.005 	3.037 	3.067 	3.098 	3.129 	3.16  	3.191 	3.223  	7.173     	2.125         
27.86  	1.773 	1.838 	1.887 	1.93  	1.971 	2.01  	2.047 	2.084 	2.119 	2.154 	2.187 	2.221 	2.253 	2.285 	2.317 	2.349 	2.381 	2.413 	2.444 	2.476 	2.509 	2.589 	2.643 	2.69  	2.733 	2.773 	2.812 	2.849 	2.884 	2.919 	2.952 	2.985 	3.018 	3.05  	3.081 	3.112 	3.144 	3.175 	3.206 	3.237 	3.269  	7.292     	2.164         
29.86  	1.795 	1.862 	1.912 	1.956 	1.998 	2.037 	2.076 	2.113 	2.149 	2.184 	2.218 	2.252 	2.285 	2.318 	2.35  	2.382 	2.415 	2.447 	2.479 	2.512 	2.545 	2.626 	2.682 	2.729 	2.773 	2.814 	2.853 	2.89  	2.926 	2.961 	2.995 	3.028 	3.061 	3.094 	3.126 	3.157 	3.189 	3.22  	3.252 	3.284 	3.316  	7.411     	2.205         
32.    	1.818 	1.886 	1.937 	1.982 	2.025 	2.065 	2.104 	2.142 	2.178 	2.214 	2.249 	2.283 	2.316 	2.35  	2.383 	2.416 	2.448 	2.481 	2.514 	2.547 	2.581 	2.664 	2.72  	2.769 	2.813 	2.855 	2.894 	2.932 	2.968 	3.003 	3.038 	3.072 	3.105 	3.137 	3.17  	3.202 	3.234 	3.266 	3.298 	3.33  	3.363  	7.531     	2.246         
