# Mass           Radius         Fe/Mg          Si/Mg          wt%+h2o        Bulk density   core_wt%       core_rad%      
1.90000       1.21852       0.50000       0.50000       0.00000       5789.79066    0.28414       0.48811   
1.90000       1.22191       0.50000       0.60000       0.00000       5741.72037    0.26777       0.47740   
1.90000       1.22494       0.50000       0.70000       0.00000       5699.27223    0.25318       0.46758   
1.90000       1.22765       0.50000       0.80000       0.00000       5661.53337    0.24010       0.45855   
1.90000       1.23011       0.50000       0.90000       0.00000       5627.73289    0.22830       0.45019   
1.90000       1.23233       0.50000       1.00000       0.00000       5597.30039    0.21761       0.44243   
1.90000       1.23448       0.50000       1.10000       0.00000       5568.09957    0.20788       0.43514   
1.90000       1.23643       0.50000       1.20000       0.00000       5541.84393    0.19898       0.42832   
1.90000       1.23822       0.50000       1.30000       0.00000       5517.76611    0.19081       0.42193   
1.90000       1.23989       0.50000       1.40000       0.00000       5495.60836    0.18328       0.41590   
1.90000       1.24143       0.50000       1.50000       0.00000       5475.20097    0.17633       0.41021   
1.90000       1.24282       0.50000       1.60000       0.00000       5456.75679    0.16988       0.40484   
1.90000       1.24411       0.50000       1.70000       0.00000       5439.77163    0.16389       0.39974   
1.90000       1.24534       0.50000       1.80000       0.00000       5423.73415    0.15831       0.39490   
1.90000       1.24649       0.50000       1.90000       0.00000       5408.72708    0.15309       0.39028   
1.90000       1.20637       0.60000       0.50000       0.00000       5966.43669    0.32263       0.51379   
1.90000       1.21028       0.60000       0.60000       0.00000       5908.92556    0.30499       0.50275   
1.90000       1.21377       0.60000       0.70000       0.00000       5857.98355    0.28917       0.49263   
1.90000       1.21693       0.60000       0.80000       0.00000       5812.55318    0.27492       0.48329   
1.90000       1.21979       0.60000       0.90000       0.00000       5771.77500    0.26200       0.47464   
1.90000       1.22239       0.60000       1.00000       0.00000       5734.98015    0.25024       0.46660   
1.90000       1.22491       0.60000       1.10000       0.00000       5699.71301    0.23950       0.45903   
1.90000       1.22718       0.60000       1.20000       0.00000       5668.05076    0.22963       0.45196   
1.90000       1.22929       0.60000       1.30000       0.00000       5638.98982    0.22055       0.44531   
1.90000       1.23124       0.60000       1.40000       0.00000       5612.22616    0.21216       0.43904   
1.90000       1.23305       0.60000       1.50000       0.00000       5587.52655    0.20438       0.43312   
1.90000       1.23470       0.60000       1.60000       0.00000       5565.09501    0.19716       0.42752   
1.90000       1.23624       0.60000       1.70000       0.00000       5544.41380    0.19043       0.42221   
1.90000       1.23769       0.60000       1.80000       0.00000       5524.92652    0.18414       0.41716   
1.90000       1.23906       0.60000       1.90000       0.00000       5506.67120    0.17825       0.41234   
1.90000       1.19535       0.70000       0.50000       0.00000       6133.11991    0.35720       0.53604   
1.90000       1.19966       0.70000       0.60000       0.00000       6067.25370    0.33861       0.52477   
1.90000       1.20354       0.70000       0.70000       0.00000       6008.73152    0.32186       0.51441   
1.90000       1.20705       0.70000       0.80000       0.00000       5956.39652    0.30668       0.50484   
1.90000       1.21025       0.70000       0.90000       0.00000       5909.30257    0.29288       0.49597   
1.90000       1.21317       0.70000       1.00000       0.00000       5866.72114    0.28026       0.48770   
1.90000       1.21600       0.70000       1.10000       0.00000       5825.93017    0.26869       0.47991   
1.90000       1.21855       0.70000       1.20000       0.00000       5789.31405    0.25803       0.47263   
1.90000       1.22092       0.70000       1.30000       0.00000       5755.66176    0.24819       0.46578   
1.90000       1.22313       0.70000       1.40000       0.00000       5724.63869    0.23907       0.45931   
1.90000       1.22517       0.70000       1.50000       0.00000       5695.96987    0.23059       0.45320   
1.90000       1.22705       0.70000       1.60000       0.00000       5669.82876    0.22270       0.44742   
1.90000       1.22880       0.70000       1.70000       0.00000       5645.69824    0.21533       0.44193   
1.90000       1.23045       0.70000       1.80000       0.00000       5622.97665    0.20843       0.43671   
1.90000       1.23201       0.70000       1.90000       0.00000       5601.69454    0.20196       0.43172   
1.90000       1.18528       0.80000       0.50000       0.00000       6290.72509    0.38841       0.55566   
1.90000       1.18992       0.80000       0.60000       0.00000       6217.45177    0.36912       0.54422   
1.90000       1.19411       0.80000       0.70000       0.00000       6152.15170    0.35167       0.53368   
1.90000       1.19792       0.80000       0.80000       0.00000       6093.59854    0.33578       0.52393   
1.90000       1.20140       0.80000       0.90000       0.00000       6040.79194    0.32128       0.51488   
1.90000       1.20459       0.80000       1.00000       0.00000       5992.93339    0.30797       0.50644   
1.90000       1.20768       0.80000       1.10000       0.00000       5947.11472    0.29572       0.49847   
1.90000       1.21048       0.80000       1.20000       0.00000       5905.94271    0.28441       0.49102   
1.90000       1.21308       0.80000       1.30000       0.00000       5868.06026    0.27393       0.48400   
1.90000       1.21550       0.80000       1.40000       0.00000       5833.09538    0.26420       0.47738   
1.90000       1.21775       0.80000       1.50000       0.00000       5800.74295    0.25513       0.47111   
1.90000       1.21983       0.80000       1.60000       0.00000       5771.14635    0.24667       0.46517   
1.90000       1.22176       0.80000       1.70000       0.00000       5743.79693    0.23875       0.45954   
1.90000       1.22360       0.80000       1.80000       0.00000       5718.04746    0.23132       0.45417   
1.90000       1.22532       0.80000       1.90000       0.00000       5693.92187    0.22434       0.44904   
1.90000       1.17605       0.90000       0.50000       0.00000       6440.03084    0.41672       0.57319   
1.90000       1.18095       0.90000       0.60000       0.00000       6360.16659    0.39695       0.56162   
1.90000       1.18540       0.90000       0.70000       0.00000       6288.80445    0.37896       0.55095   
1.90000       1.18946       0.90000       0.80000       0.00000       6224.64980    0.36254       0.54106   
1.90000       1.19317       0.90000       0.90000       0.00000       6166.65973    0.34748       0.53187   
1.90000       1.19659       0.90000       1.00000       0.00000       6113.99246    0.33362       0.52329   
1.90000       1.19990       0.90000       1.10000       0.00000       6063.58002    0.32083       0.51518   
1.90000       1.20290       0.90000       1.20000       0.00000       6018.22528    0.30898       0.50759   
1.90000       1.20570       0.90000       1.30000       0.00000       5976.43510    0.29797       0.50044   
1.90000       1.20831       0.90000       1.40000       0.00000       5937.82243    0.28772       0.49368   
1.90000       1.21075       0.90000       1.50000       0.00000       5902.04366    0.27815       0.48728   
1.90000       1.21300       0.90000       1.60000       0.00000       5869.23219    0.26920       0.48122   
1.90000       1.21510       0.90000       1.70000       0.00000       5838.87419    0.26081       0.47546   
1.90000       1.21709       0.90000       1.80000       0.00000       5810.29622    0.25292       0.46996   
1.90000       1.21896       0.90000       1.90000       0.00000       5783.48785    0.24550       0.46472   
1.90000       1.16755       1.00000       0.50000       0.00000       6581.71337    0.44254       0.58900   
1.90000       1.17266       1.00000       0.60000       0.00000       6495.99255    0.42242       0.57734   
1.90000       1.17732       1.00000       0.70000       0.00000       6419.19068    0.40406       0.56658   
1.90000       1.18158       1.00000       0.80000       0.00000       6349.98823    0.38722       0.55659   
1.90000       1.18549       1.00000       0.90000       0.00000       6287.29230    0.37174       0.54729   
1.90000       1.18910       1.00000       1.00000       0.00000       6230.24272    0.35744       0.53860   
1.90000       1.19260       1.00000       1.10000       0.00000       6175.62530    0.34420       0.53038   
1.90000       1.19578       1.00000       1.20000       0.00000       6126.41509    0.33191       0.52267   
1.90000       1.19875       1.00000       1.30000       0.00000       6081.01995    0.32047       0.51540   
1.90000       1.20152       1.00000       1.40000       0.00000       6039.02033    0.30979       0.50853   
1.90000       1.20412       1.00000       1.50000       0.00000       6000.06590    0.29979       0.50202   
1.90000       1.20652       1.00000       1.60000       0.00000       5964.25078    0.29042       0.49585   
1.90000       1.20877       1.00000       1.70000       0.00000       5931.08416    0.28162       0.48999   
1.90000       1.21090       1.00000       1.80000       0.00000       5899.84574    0.27334       0.48439   
1.90000       1.21291       1.00000       1.90000       0.00000       5870.52387    0.26553       0.47905   
1.90000       1.15969       1.10000       0.50000       0.00000       6716.37704    0.46616       0.60339   
1.90000       1.16497       1.10000       0.60000       0.00000       6625.44755    0.44583       0.59167   
1.90000       1.16980       1.10000       0.70000       0.00000       6543.76745    0.42720       0.58084   
1.90000       1.17423       1.10000       0.80000       0.00000       6469.99419    0.41007       0.57078   
1.90000       1.17831       1.10000       0.90000       0.00000       6403.03144    0.39425       0.56139   
1.90000       1.18208       1.10000       1.00000       0.00000       6341.98413    0.37962       0.55262   
1.90000       1.18573       1.10000       1.10000       0.00000       6283.50857    0.36602       0.54430   
1.90000       1.18907       1.10000       1.20000       0.00000       6230.75085    0.35337       0.53650   
1.90000       1.19219       1.10000       1.30000       0.00000       6182.02129    0.34157       0.52914   
1.90000       1.19510       1.10000       1.40000       0.00000       6136.88396    0.33052       0.52218   
1.90000       1.19783       1.10000       1.50000       0.00000       6094.96919    0.32017       0.51558   
1.90000       1.20037       1.10000       1.60000       0.00000       6056.35597    0.31045       0.50932   
1.90000       1.20275       1.10000       1.70000       0.00000       6020.55860    0.30130       0.50336   
1.90000       1.20500       1.10000       1.80000       0.00000       5986.82577    0.29268       0.49768   
1.90000       1.20714       1.10000       1.90000       0.00000       5955.14556    0.28453       0.49224   
1.90000       1.15241       1.20000       0.50000       0.00000       6844.56512    0.48786       0.61656   
1.90000       1.15782       1.20000       0.60000       0.00000       6748.98336    0.46742       0.60481   
1.90000       1.16278       1.20000       0.70000       0.00000       6662.92660    0.44862       0.59394   
1.90000       1.16735       1.20000       0.80000       0.00000       6585.02345    0.43127       0.58382   
1.90000       1.17157       1.20000       0.90000       0.00000       6514.18578    0.41521       0.57438   
1.90000       1.17547       1.20000       1.00000       0.00000       6449.47574    0.40031       0.56553   
1.90000       1.17926       1.20000       1.10000       0.00000       6387.47342    0.38644       0.55714   
1.90000       1.18273       1.20000       1.20000       0.00000       6331.44531    0.37350       0.54927   
1.90000       1.18598       1.20000       1.30000       0.00000       6279.63111    0.36140       0.54184   
1.90000       1.18902       1.20000       1.40000       0.00000       6231.58128    0.35005       0.53480   
1.90000       1.19187       1.20000       1.50000       0.00000       6186.90966    0.33940       0.52812   
1.90000       1.19453       1.20000       1.60000       0.00000       6145.68788    0.32938       0.52178   
1.90000       1.19702       1.20000       1.70000       0.00000       6107.42186    0.31993       0.51575   
1.90000       1.19939       1.20000       1.80000       0.00000       6071.35510    0.31101       0.50999   
1.90000       1.20163       1.20000       1.90000       0.00000       6037.45442    0.30257       0.50448   
1.90000       1.14563       1.30000       0.50000       0.00000       6966.74619    0.50787       0.62869   
1.90000       1.15115       1.30000       0.60000       0.00000       6867.02240    0.48738       0.61694   
1.90000       1.15622       1.30000       0.70000       0.00000       6777.03150    0.46849       0.60604   
1.90000       1.16090       1.30000       0.80000       0.00000       6695.40410    0.45100       0.59588   
1.90000       1.16523       1.30000       0.90000       0.00000       6621.03835    0.43477       0.58640   
1.90000       1.16925       1.30000       1.00000       0.00000       6552.98660    0.41967       0.57750   
1.90000       1.17316       1.30000       1.10000       0.00000       6487.74246    0.40558       0.56905   
1.90000       1.17674       1.30000       1.20000       0.00000       6428.69983    0.39241       0.56112   
1.90000       1.18009       1.30000       1.30000       0.00000       6374.02923    0.38007       0.55363   
1.90000       1.18324       1.30000       1.40000       0.00000       6323.27417    0.36848       0.54653   
1.90000       1.18620       1.30000       1.50000       0.00000       6276.04063    0.35757       0.53978   
1.90000       1.18897       1.30000       1.60000       0.00000       6232.37631    0.34729       0.53338   
1.90000       1.19156       1.30000       1.70000       0.00000       6191.80710    0.33759       0.52728   
1.90000       1.19402       1.30000       1.80000       0.00000       6153.53901    0.32841       0.52145   
1.90000       1.19636       1.30000       1.90000       0.00000       6117.55015    0.31972       0.51588   
1.90000       1.13931       1.40000       0.50000       0.00000       7083.35639    0.52637       0.63992   
1.90000       1.14491       1.40000       0.60000       0.00000       6979.93934    0.50591       0.62818   
1.90000       1.15007       1.40000       0.70000       0.00000       6886.41495    0.48698       0.61726   
1.90000       1.15484       1.40000       0.80000       0.00000       6801.41845    0.46941       0.60709   
1.90000       1.15926       1.40000       0.90000       0.00000       6723.83524    0.45306       0.59758   
1.90000       1.16338       1.40000       1.00000       0.00000       6652.73492    0.43782       0.58865   
1.90000       1.16738       1.40000       1.10000       0.00000       6584.51901    0.42357       0.58015   
1.90000       1.17106       1.40000       1.20000       0.00000       6522.69358    0.41021       0.57218   
1.90000       1.17451       1.40000       1.30000       0.00000       6465.37975    0.39768       0.56463   
1.90000       1.17775       1.40000       1.40000       0.00000       6412.11323    0.38588       0.55748   
1.90000       1.18081       1.40000       1.50000       0.00000       6362.48537    0.37477       0.55068   
1.90000       1.18366       1.40000       1.60000       0.00000       6316.54663    0.36428       0.54422   
1.90000       1.18634       1.40000       1.70000       0.00000       6273.81644    0.35436       0.53807   
1.90000       1.18890       1.40000       1.80000       0.00000       6233.48555    0.34496       0.53218   
1.90000       1.19132       1.40000       1.90000       0.00000       6195.52236    0.33605       0.52656   
1.90000       1.13340       1.50000       0.50000       0.00000       7194.77990    0.54354       0.65036   
1.90000       1.13905       1.50000       0.60000       0.00000       7088.08189    0.52314       0.63863   
1.90000       1.14428       1.50000       0.70000       0.00000       6991.38471    0.50422       0.62773   
1.90000       1.14913       1.50000       0.80000       0.00000       6903.34154    0.48662       0.61755   
1.90000       1.15363       1.50000       0.90000       0.00000       6822.83065    0.47021       0.60802   
1.90000       1.15782       1.50000       1.00000       0.00000       6748.93482    0.45487       0.59906   
1.90000       1.16191       1.50000       1.10000       0.00000       6677.99145    0.44049       0.59054   
1.90000       1.16567       1.50000       1.20000       0.00000       6613.60183    0.42700       0.58253   
1.90000       1.16920       1.50000       1.30000       0.00000       6553.84053    0.41431       0.57494   
1.90000       1.17253       1.50000       1.40000       0.00000       6498.23319    0.40236       0.56774   
1.90000       1.17566       1.50000       1.50000       0.00000       6446.37757    0.39107       0.56090   
1.90000       1.17860       1.50000       1.60000       0.00000       6398.31250    0.38040       0.55440   
1.90000       1.18136       1.50000       1.70000       0.00000       6353.55245    0.37030       0.54820   
1.90000       1.18399       1.50000       1.80000       0.00000       6311.28665    0.36071       0.54227   
1.90000       1.18649       1.50000       1.90000       0.00000       6271.46892    0.35162       0.53659   
1.90000       1.12785       1.60000       0.50000       0.00000       7301.37590    0.55950       0.66010   
1.90000       1.13355       1.60000       0.60000       0.00000       7191.74537    0.53921       0.64841   
1.90000       1.13883       1.60000       0.70000       0.00000       7092.20026    0.52034       0.63752   
1.90000       1.14374       1.60000       0.80000       0.00000       7001.39904    0.50275       0.62734   
1.90000       1.14830       1.60000       0.90000       0.00000       6918.23770    0.48631       0.61780   
1.90000       1.15256       1.60000       1.00000       0.00000       6841.77744    0.47091       0.60883   
1.90000       1.15672       1.60000       1.10000       0.00000       6768.33666    0.45646       0.60029   
1.90000       1.16054       1.60000       1.20000       0.00000       6701.57456    0.44286       0.59225   
1.90000       1.16415       1.60000       1.30000       0.00000       6639.54448    0.43006       0.58463   
1.90000       1.16754       1.60000       1.40000       0.00000       6581.76660    0.41797       0.57740   
1.90000       1.17075       1.60000       1.50000       0.00000       6527.83430    0.40654       0.57053   
1.90000       1.17376       1.60000       1.60000       0.00000       6477.77922    0.39572       0.56398   
1.90000       1.17659       1.60000       1.70000       0.00000       6431.11647    0.38547       0.55774   
1.90000       1.17929       1.60000       1.80000       0.00000       6387.03477    0.37573       0.55177   
1.90000       1.18186       1.60000       1.90000       0.00000       6345.46861    0.36647       0.54605   
1.90000       1.12264       1.70000       0.50000       0.00000       7403.46391    0.57438       0.66922   
1.90000       1.12838       1.70000       0.60000       0.00000       7291.22980    0.55423       0.65756   
1.90000       1.13369       1.70000       0.70000       0.00000       7189.12614    0.53545       0.64670   
1.90000       1.13864       1.70000       0.80000       0.00000       7095.83490    0.51790       0.63654   
1.90000       1.14325       1.70000       0.90000       0.00000       7010.24894    0.50146       0.62700   
1.90000       1.14757       1.70000       1.00000       0.00000       6931.45399    0.48604       0.61803   
1.90000       1.15178       1.70000       1.10000       0.00000       6855.71322    0.47153       0.60947   
1.90000       1.15567       1.70000       1.20000       0.00000       6786.76246    0.45787       0.60141   
1.90000       1.15933       1.70000       1.30000       0.00000       6722.63108    0.44497       0.59377   
1.90000       1.16279       1.70000       1.40000       0.00000       6662.83457    0.43279       0.58652   
1.90000       1.16606       1.70000       1.50000       0.00000       6606.96029    0.42125       0.57961   
1.90000       1.16913       1.70000       1.60000       0.00000       6555.04452    0.41031       0.57304   
1.90000       1.17202       1.70000       1.70000       0.00000       6506.60590    0.39992       0.56677   
1.90000       1.17478       1.70000       1.80000       0.00000       6460.80932    0.39005       0.56076   
1.90000       1.17742       1.70000       1.90000       0.00000       6417.59683    0.38065       0.55501   
1.90000       1.11774       1.80000       0.50000       0.00000       7501.32557    0.58829       0.67777   
1.90000       1.12349       1.80000       0.60000       0.00000       7386.78256    0.56831       0.66617   
1.90000       1.12883       1.80000       0.70000       0.00000       7282.38853    0.54964       0.65534   
1.90000       1.13381       1.80000       0.80000       0.00000       7186.83825    0.53215       0.64520   
1.90000       1.13847       1.80000       0.90000       0.00000       7099.05396    0.51575       0.63568   
1.90000       1.14283       1.80000       1.00000       0.00000       7018.11834    0.50032       0.62670   
1.90000       1.14708       1.80000       1.10000       0.00000       6940.27091    0.48580       0.61814   
1.90000       1.15102       1.80000       1.20000       0.00000       6869.30082    0.47209       0.61007   
1.90000       1.15474       1.80000       1.30000       0.00000       6803.22177    0.45913       0.60242   
1.90000       1.15825       1.80000       1.40000       0.00000       6741.54607    0.44687       0.59514   
1.90000       1.16157       1.80000       1.50000       0.00000       6683.86450    0.43524       0.58821   
1.90000       1.16469       1.80000       1.60000       0.00000       6630.21254    0.42421       0.58161   
1.90000       1.16764       1.80000       1.70000       0.00000       6580.10116    0.41371       0.57532   
1.90000       1.17046       1.80000       1.80000       0.00000       6532.69155    0.40373       0.56928   
1.90000       1.17315       1.80000       1.90000       0.00000       6487.93608    0.39422       0.56350   
1.90000       1.11312       1.90000       0.50000       0.00000       7595.23661    0.60132       0.68583   
1.90000       1.11887       1.90000       0.60000       0.00000       7478.64318    0.58152       0.67428   
1.90000       1.12423       1.90000       0.70000       0.00000       7372.19548    0.56298       0.66349   
1.90000       1.12923       1.90000       0.80000       0.00000       7274.61285    0.54559       0.65338   
1.90000       1.13392       1.90000       0.90000       0.00000       7184.83266    0.52924       0.64387   
1.90000       1.13831       1.90000       1.00000       0.00000       7101.93886    0.51384       0.63491   
1.90000       1.14261       1.90000       1.10000       0.00000       7022.14968    0.49931       0.62634   
1.90000       1.14659       1.90000       1.20000       0.00000       6949.31382    0.48558       0.61827   
1.90000       1.15034       1.90000       1.30000       0.00000       6881.42780    0.47258       0.61061   
1.90000       1.15390       1.90000       1.40000       0.00000       6818.00719    0.46027       0.60332   
1.90000       1.15727       1.90000       1.50000       0.00000       6758.63810    0.44857       0.59637   
1.90000       1.16044       1.90000       1.60000       0.00000       6703.36342    0.43746       0.58976   
1.90000       1.16344       1.90000       1.70000       0.00000       6651.68152    0.42689       0.58344   
1.90000       1.16630       1.90000       1.80000       0.00000       6602.76503    0.41681       0.57738   
1.90000       1.16904       1.90000       1.90000       0.00000       6556.54268    0.40720       0.57157   
