# Mass           Radius         Fe/Mg          Si/Mg          wt%+h2o        Bulk density   core_wt%       core_rad%      
2.70000       1.33883       0.50000       0.50000       0.00000       6202.97034    0.28414       0.48466   
2.70000       1.34283       0.50000       0.60000       0.00000       6147.58983    0.26777       0.47395   
2.70000       1.34641       0.50000       0.70000       0.00000       6098.72112    0.25318       0.46415   
2.70000       1.34962       0.50000       0.80000       0.00000       6055.27525    0.24010       0.45514   
2.70000       1.35253       0.50000       0.90000       0.00000       6016.38838    0.22830       0.44680   
2.70000       1.35726       0.50000       1.00000       0.00000       5953.63211    0.21761       0.43839   
2.70000       1.35770       0.50000       1.10000       0.00000       5947.86903    0.20788       0.43179   
2.70000       1.36003       0.50000       1.20000       0.00000       5917.29022    0.19898       0.42500   
2.70000       1.36219       0.50000       1.30000       0.00000       5889.25672    0.19081       0.41862   
2.70000       1.36418       0.50000       1.40000       0.00000       5863.48155    0.18328       0.41262   
2.70000       1.36603       0.50000       1.50000       0.00000       5839.71084    0.17633       0.40695   
2.70000       1.36775       0.50000       1.60000       0.00000       5817.71795    0.16988       0.40159   
2.70000       1.36935       0.50000       1.70000       0.00000       5797.36346    0.16389       0.39651   
2.70000       1.37083       0.50000       1.80000       0.00000       5778.61198    0.15831       0.39168   
2.70000       1.37222       0.50000       1.90000       0.00000       5761.02710    0.15309       0.38708   
2.70000       1.32535       0.60000       0.50000       0.00000       6394.13675    0.32263       0.51018   
2.70000       1.32991       0.60000       0.60000       0.00000       6328.60232    0.30499       0.49914   
2.70000       1.33400       0.60000       0.70000       0.00000       6270.57042    0.28917       0.48903   
2.70000       1.33769       0.60000       0.80000       0.00000       6218.82232    0.27492       0.47971   
2.70000       1.34103       0.60000       0.90000       0.00000       6172.38538    0.26200       0.47108   
2.70000       1.34613       0.60000       1.00000       0.00000       6102.60323    0.25024       0.46236   
2.70000       1.34701       0.60000       1.10000       0.00000       6090.60936    0.23950       0.45552   
2.70000       1.34970       0.60000       1.20000       0.00000       6054.18394    0.22963       0.44846   
2.70000       1.35220       0.60000       1.30000       0.00000       6020.76405    0.22055       0.44183   
2.70000       1.35451       0.60000       1.40000       0.00000       5990.00577    0.21216       0.43558   
2.70000       1.35666       0.60000       1.50000       0.00000       5961.60163    0.20438       0.42968   
2.70000       1.35866       0.60000       1.60000       0.00000       5935.30230    0.19716       0.42409   
2.70000       1.36052       0.60000       1.70000       0.00000       5910.94668    0.19043       0.41879   
2.70000       1.36225       0.60000       1.80000       0.00000       5888.43084    0.18414       0.41376   
2.70000       1.36388       0.60000       1.90000       0.00000       5867.33074    0.17825       0.40896   
2.70000       1.31312       0.70000       0.50000       0.00000       6574.48047    0.35720       0.53230   
2.70000       1.31812       0.70000       0.60000       0.00000       6499.96028    0.33861       0.52103   
2.70000       1.32262       0.70000       0.70000       0.00000       6433.76426    0.32186       0.51068   
2.70000       1.32670       0.70000       0.80000       0.00000       6374.56500    0.30668       0.50112   
2.70000       1.33042       0.70000       0.90000       0.00000       6321.30348    0.29288       0.49226   
2.70000       1.33580       0.70000       1.00000       0.00000       6245.25234    0.28026       0.48330   
2.70000       1.33707       0.70000       1.10000       0.00000       6227.46099    0.26869       0.47625   
2.70000       1.34007       0.70000       1.20000       0.00000       6185.68593    0.25803       0.46899   
2.70000       1.34286       0.70000       1.30000       0.00000       6147.29894    0.24819       0.46215   
2.70000       1.34544       0.70000       1.40000       0.00000       6111.93175    0.23907       0.45570   
2.70000       1.34785       0.70000       1.50000       0.00000       6079.24914    0.23059       0.44961   
2.70000       1.35009       0.70000       1.60000       0.00000       6048.94026    0.22270       0.44384   
2.70000       1.35219       0.70000       1.70000       0.00000       6020.85528    0.21533       0.43836   
2.70000       1.35415       0.70000       1.80000       0.00000       5994.82180    0.20843       0.43315   
2.70000       1.35599       0.70000       1.90000       0.00000       5970.43662    0.20196       0.42819   
2.70000       1.30196       0.80000       0.50000       0.00000       6744.98086    0.38841       0.55182   
2.70000       1.30731       0.80000       0.60000       0.00000       6662.50615    0.36912       0.54037   
2.70000       1.31215       0.80000       0.70000       0.00000       6589.00976    0.35167       0.52983   
2.70000       1.31656       0.80000       0.80000       0.00000       6523.10856    0.33578       0.52009   
2.70000       1.32058       0.80000       0.90000       0.00000       6463.67202    0.32128       0.51105   
2.70000       1.32619       0.80000       1.00000       0.00000       6381.96679    0.30797       0.50191   
2.70000       1.32780       0.80000       1.10000       0.00000       6358.83612    0.29572       0.49469   
2.70000       1.33106       0.80000       1.20000       0.00000       6312.14029    0.28441       0.48725   
2.70000       1.33410       0.80000       1.30000       0.00000       6269.17846    0.27393       0.48025   
2.70000       1.33692       0.80000       1.40000       0.00000       6229.55102    0.26420       0.47364   
2.70000       1.33955       0.80000       1.50000       0.00000       6192.88697    0.25513       0.46739   
2.70000       1.34201       0.80000       1.60000       0.00000       6158.85757    0.24667       0.46146   
2.70000       1.34432       0.80000       1.70000       0.00000       6127.27967    0.23875       0.45584   
2.70000       1.34647       0.80000       1.80000       0.00000       6097.97214    0.23132       0.45048   
2.70000       1.34850       0.80000       1.90000       0.00000       6070.47925    0.22434       0.44537   
2.70000       1.29173       0.90000       0.50000       0.00000       6906.49455    0.41672       0.56926   
2.70000       1.29736       0.90000       0.60000       0.00000       6816.94885    0.39695       0.55768   
2.70000       1.30248       0.90000       0.70000       0.00000       6736.93033    0.37896       0.54701   
2.70000       1.30715       0.90000       0.80000       0.00000       6664.98685    0.36254       0.53713   
2.70000       1.31143       0.90000       0.90000       0.00000       6599.95980    0.34748       0.52794   
2.70000       1.31724       0.90000       1.00000       0.00000       6512.92120    0.33362       0.51864   
2.70000       1.31912       0.90000       1.10000       0.00000       6485.07645    0.32083       0.51130   
2.70000       1.32262       0.90000       1.20000       0.00000       6433.86042    0.30898       0.50372   
2.70000       1.32586       0.90000       1.30000       0.00000       6386.68533    0.29797       0.49658   
2.70000       1.32889       0.90000       1.40000       0.00000       6343.11538    0.28772       0.48983   
2.70000       1.33172       0.90000       1.50000       0.00000       6302.74542    0.27815       0.48345   
2.70000       1.33438       0.90000       1.60000       0.00000       6265.24774    0.26920       0.47739   
2.70000       1.33686       0.90000       1.70000       0.00000       6230.41450    0.26081       0.47164   
2.70000       1.33918       0.90000       1.80000       0.00000       6198.02715    0.25292       0.46616   
2.70000       1.34138       0.90000       1.90000       0.00000       6167.64137    0.24550       0.46093   
2.70000       1.28231       1.00000       0.50000       0.00000       7059.76102    0.44254       0.58500   
2.70000       1.28817       1.00000       0.60000       0.00000       6963.93728    0.42242       0.57333   
2.70000       1.29351       1.00000       0.70000       0.00000       6878.07010    0.40406       0.56256   
2.70000       1.29839       1.00000       0.80000       0.00000       6800.68213    0.38722       0.55257   
2.70000       1.30289       1.00000       0.90000       0.00000       6730.57580    0.37174       0.54327   
2.70000       1.30887       1.00000       1.00000       0.00000       6638.76499    0.35744       0.53385   
2.70000       1.31099       1.00000       1.10000       0.00000       6606.51794    0.34420       0.52640   
2.70000       1.31467       1.00000       1.20000       0.00000       6551.14078    0.33191       0.51871   
2.70000       1.31811       1.00000       1.30000       0.00000       6500.07056    0.32047       0.51145   
2.70000       1.32132       1.00000       1.40000       0.00000       6452.84195    0.30979       0.50459   
2.70000       1.32432       1.00000       1.50000       0.00000       6409.03759    0.29979       0.49810   
2.70000       1.32714       1.00000       1.60000       0.00000       6368.30858    0.29042       0.49193   
2.70000       1.32978       1.00000       1.70000       0.00000       6330.42107    0.28162       0.48607   
2.70000       1.33226       1.00000       1.80000       0.00000       6295.15792    0.27334       0.48049   
2.70000       1.33460       1.00000       1.90000       0.00000       6262.04703    0.26553       0.47515   
2.70000       1.27361       1.10000       0.50000       0.00000       7205.44593    0.46616       0.59932   
2.70000       1.27964       1.10000       0.60000       0.00000       7104.02783    0.44583       0.58759   
2.70000       1.28516       1.10000       0.70000       0.00000       7012.91721    0.42720       0.57675   
2.70000       1.29023       1.10000       0.80000       0.00000       6930.61421    0.41007       0.56668   
2.70000       1.29490       1.10000       0.90000       0.00000       6855.90744    0.39425       0.55730   
2.70000       1.30101       1.10000       1.00000       0.00000       6759.69660    0.37962       0.54778   
2.70000       1.30335       1.10000       1.10000       0.00000       6723.44243    0.36602       0.54025   
2.70000       1.30720       1.10000       1.20000       0.00000       6664.23873    0.35337       0.53246   
2.70000       1.31079       1.10000       1.30000       0.00000       6609.57076    0.34157       0.52511   
2.70000       1.31415       1.10000       1.40000       0.00000       6558.94440    0.33052       0.51816   
2.70000       1.31731       1.10000       1.50000       0.00000       6511.94760    0.32017       0.51157   
2.70000       1.32027       1.10000       1.60000       0.00000       6468.19545    0.31045       0.50531   
2.70000       1.32305       1.10000       1.70000       0.00000       6427.46581    0.30130       0.49935   
2.70000       1.32567       1.10000       1.80000       0.00000       6389.49642    0.29268       0.49368   
2.70000       1.32815       1.10000       1.90000       0.00000       6353.81005    0.28453       0.48826   
2.70000       1.26554       1.20000       0.50000       0.00000       7344.13442    0.48786       0.61244   
2.70000       1.27171       1.20000       0.60000       0.00000       7237.73701    0.46742       0.60068   
2.70000       1.27738       1.20000       0.70000       0.00000       7141.92009    0.44862       0.58979   
2.70000       1.28259       1.20000       0.80000       0.00000       7055.17714    0.43127       0.57967   
2.70000       1.28741       1.20000       0.90000       0.00000       6976.27570    0.41521       0.57022   
2.70000       1.29363       1.20000       1.00000       0.00000       6876.07768    0.40031       0.56063   
2.70000       1.29615       1.20000       1.10000       0.00000       6836.12626    0.38644       0.55303   
2.70000       1.30014       1.20000       1.20000       0.00000       6773.39417    0.37350       0.54516   
2.70000       1.30387       1.20000       1.30000       0.00000       6715.39419    0.36140       0.53773   
2.70000       1.30737       1.20000       1.40000       0.00000       6661.62767    0.35005       0.53070   
2.70000       1.31065       1.20000       1.50000       0.00000       6611.65067    0.33940       0.52403   
2.70000       1.31374       1.20000       1.60000       0.00000       6565.08043    0.32938       0.51769   
2.70000       1.31665       1.20000       1.70000       0.00000       6521.68556    0.31993       0.51166   
2.70000       1.31939       1.20000       1.80000       0.00000       6481.16887    0.31101       0.50591   
2.70000       1.32198       1.20000       1.90000       0.00000       6443.07554    0.30257       0.50041   
2.70000       1.25804       1.30000       0.50000       0.00000       7476.35161    0.50787       0.62454   
2.70000       1.26432       1.30000       0.60000       0.00000       7365.51230    0.48738       0.61276   
2.70000       1.27009       1.30000       0.70000       0.00000       7265.47101    0.46849       0.60184   
2.70000       1.27543       1.30000       0.80000       0.00000       7174.71365    0.45100       0.59168   
2.70000       1.28037       1.30000       0.90000       0.00000       7092.00499    0.43477       0.58219   
2.70000       1.28668       1.30000       1.00000       0.00000       6988.14878    0.41967       0.57253   
2.70000       1.28935       1.30000       1.10000       0.00000       6944.80953    0.40558       0.56488   
2.70000       1.29346       1.30000       1.20000       0.00000       6878.82110    0.39241       0.55695   
2.70000       1.29731       1.30000       1.30000       0.00000       6817.73756    0.38007       0.54946   
2.70000       1.30093       1.30000       1.40000       0.00000       6761.05200    0.36848       0.54236   
2.70000       1.30433       1.30000       1.50000       0.00000       6708.30000    0.35757       0.53562   
2.70000       1.30753       1.30000       1.60000       0.00000       6659.08822    0.34729       0.52922   
2.70000       1.31055       1.30000       1.70000       0.00000       6613.20011    0.33759       0.52312   
2.70000       1.31340       1.30000       1.80000       0.00000       6570.30659    0.32841       0.51730   
2.70000       1.31610       1.30000       1.90000       0.00000       6529.94321    0.31972       0.51174   
2.70000       1.25104       1.40000       0.50000       0.00000       7602.56020    0.52637       0.63573   
2.70000       1.25740       1.40000       0.60000       0.00000       7487.76893    0.50591       0.62396   
2.70000       1.26327       1.40000       0.70000       0.00000       7383.93288    0.48698       0.61303   
2.70000       1.26870       1.40000       0.80000       0.00000       7289.54486    0.46941       0.60284   
2.70000       1.27373       1.40000       0.90000       0.00000       7203.36958    0.45306       0.59332   
2.70000       1.28012       1.40000       1.00000       0.00000       7096.14307    0.43782       0.58362   
2.70000       1.28292       1.40000       1.10000       0.00000       7049.71380    0.42357       0.57593   
2.70000       1.28713       1.40000       1.20000       0.00000       6980.72831    0.41021       0.56795   
2.70000       1.29109       1.40000       1.30000       0.00000       6916.79456    0.39768       0.56040   
2.70000       1.29481       1.40000       1.40000       0.00000       6857.38747    0.38588       0.55325   
2.70000       1.29831       1.40000       1.50000       0.00000       6802.04933    0.37477       0.54646   
2.70000       1.30161       1.40000       1.60000       0.00000       6750.38174    0.36428       0.54000   
2.70000       1.30473       1.40000       1.70000       0.00000       6702.14959    0.35436       0.53385   
2.70000       1.30767       1.40000       1.80000       0.00000       6657.01787    0.34496       0.52797   
2.70000       1.31046       1.40000       1.90000       0.00000       6614.50782    0.33605       0.52235   
2.70000       1.24449       1.50000       0.50000       0.00000       7723.18613    0.54354       0.64614   
2.70000       1.25091       1.50000       0.60000       0.00000       7604.87278    0.52314       0.63438   
2.70000       1.25685       1.50000       0.70000       0.00000       7497.62715    0.50422       0.62346   
2.70000       1.26235       1.50000       0.80000       0.00000       7399.95476    0.48662       0.61326   
2.70000       1.26747       1.50000       0.90000       0.00000       7310.62574    0.47021       0.60372   
2.70000       1.27391       1.50000       1.00000       0.00000       7200.31462    0.45487       0.59399   
2.70000       1.27683       1.50000       1.10000       0.00000       7151.04885    0.44049       0.58627   
2.70000       1.28113       1.50000       1.20000       0.00000       7079.29559    0.42700       0.57825   
2.70000       1.28517       1.50000       1.30000       0.00000       7012.71515    0.41431       0.57066   
2.70000       1.28898       1.50000       1.40000       0.00000       6950.78275    0.40236       0.56347   
2.70000       1.29257       1.50000       1.50000       0.00000       6893.03860    0.39107       0.55663   
2.70000       1.29596       1.50000       1.60000       0.00000       6839.07092    0.38040       0.55012   
2.70000       1.29916       1.50000       1.70000       0.00000       6788.64291    0.37030       0.54392   
2.70000       1.30219       1.50000       1.80000       0.00000       6741.40287    0.36071       0.53799   
2.70000       1.30507       1.50000       1.90000       0.00000       6696.88385    0.35162       0.53232   
2.70000       1.23835       1.60000       0.50000       0.00000       7838.60941    0.55950       0.65586   
2.70000       1.24482       1.60000       0.60000       0.00000       7717.16058    0.53921       0.64413   
2.70000       1.25080       1.60000       0.70000       0.00000       7606.85696    0.52034       0.63321   
2.70000       1.25637       1.60000       0.80000       0.00000       7506.21300    0.50275       0.62302   
2.70000       1.26156       1.60000       0.90000       0.00000       7414.01160    0.48631       0.61347   
2.70000       1.26804       1.60000       1.00000       0.00000       7300.88648    0.47091       0.60372   
2.70000       1.27106       1.60000       1.10000       0.00000       7249.00868    0.45646       0.59598   
2.70000       1.27543       1.60000       1.20000       0.00000       7174.69254    0.44286       0.58793   
2.70000       1.27955       1.60000       1.30000       0.00000       7105.66644    0.43006       0.58031   
2.70000       1.28343       1.60000       1.40000       0.00000       7041.38544    0.41797       0.57308   
2.70000       1.28709       1.60000       1.50000       0.00000       6981.39041    0.40654       0.56621   
2.70000       1.29056       1.60000       1.60000       0.00000       6925.26635    0.39572       0.55966   
2.70000       1.29384       1.60000       1.70000       0.00000       6872.78003    0.38547       0.55341   
2.70000       1.29694       1.60000       1.80000       0.00000       6823.56698    0.37573       0.54745   
2.70000       1.29989       1.60000       1.90000       0.00000       6777.15521    0.36647       0.54173   
2.70000       1.23258       1.70000       0.50000       0.00000       7949.17999    0.57438       0.66495   
2.70000       1.23907       1.70000       0.60000       0.00000       7824.94274    0.55423       0.65326   
2.70000       1.24510       1.70000       0.70000       0.00000       7711.88673    0.53545       0.64237   
2.70000       1.25071       1.70000       0.80000       0.00000       7608.55545    0.51790       0.63219   
2.70000       1.25595       1.70000       0.90000       0.00000       7513.74590    0.50146       0.62264   
2.70000       1.26246       1.70000       1.00000       0.00000       7398.04920    0.48604       0.61288   
2.70000       1.26557       1.70000       1.10000       0.00000       7343.76491    0.47153       0.60512   
2.70000       1.27000       1.70000       1.20000       0.00000       7267.08576    0.45787       0.59706   
2.70000       1.27418       1.70000       1.30000       0.00000       7195.78382    0.44497       0.58941   
2.70000       1.27813       1.70000       1.40000       0.00000       7129.32280    0.43279       0.58216   
2.70000       1.28186       1.70000       1.50000       0.00000       7067.23031    0.42125       0.57525   
2.70000       1.28540       1.70000       1.60000       0.00000       7009.09246    0.41031       0.56867   
2.70000       1.28874       1.70000       1.70000       0.00000       6954.68293    0.39992       0.56239   
2.70000       1.29191       1.70000       1.80000       0.00000       6903.60565    0.39005       0.55639   
2.70000       1.29493       1.70000       1.90000       0.00000       6855.40339    0.38065       0.55064   
2.70000       1.22715       1.80000       0.50000       0.00000       8055.20964    0.58829       0.67350   
2.70000       1.23366       1.80000       0.60000       0.00000       7928.49369    0.56831       0.66185   
2.70000       1.23971       1.80000       0.70000       0.00000       7812.96916    0.54964       0.65099   
2.70000       1.24535       1.80000       0.80000       0.00000       7707.21246    0.53215       0.64083   
2.70000       1.25063       1.80000       0.90000       0.00000       7610.02420    0.51575       0.63128   
2.70000       1.25716       1.80000       1.00000       0.00000       7491.98621    0.50032       0.62152   
2.70000       1.26034       1.80000       1.10000       0.00000       7435.47470    0.48580       0.61376   
2.70000       1.26483       1.80000       1.20000       0.00000       7356.61740    0.47209       0.60568   
2.70000       1.26906       1.80000       1.30000       0.00000       7283.21070    0.45913       0.59802   
2.70000       1.27307       1.80000       1.40000       0.00000       7214.71960    0.44687       0.59074   
2.70000       1.27686       1.80000       1.50000       0.00000       7150.66992    0.43524       0.58382   
2.70000       1.28045       1.80000       1.60000       0.00000       7090.64826    0.42421       0.57721   
2.70000       1.28385       1.80000       1.70000       0.00000       7034.42322    0.41371       0.57090   
2.70000       1.28708       1.80000       1.80000       0.00000       6981.59653    0.40373       0.56487   
2.70000       1.29016       1.80000       1.90000       0.00000       6931.71173    0.39422       0.55908   
2.70000       1.22203       1.90000       0.50000       0.00000       8156.98640    0.60132       0.68154   
2.70000       1.22853       1.90000       0.60000       0.00000       8028.06597    0.58152       0.66995   
2.70000       1.23460       1.90000       0.70000       0.00000       7910.33850    0.56298       0.65913   
2.70000       1.24027       1.90000       0.80000       0.00000       7802.38561    0.54559       0.64899   
2.70000       1.24558       1.90000       0.90000       0.00000       7703.03633    0.52924       0.63946   
2.70000       1.25212       1.90000       1.00000       0.00000       7582.85824    0.51384       0.62970   
2.70000       1.25536       1.90000       1.10000       0.00000       7524.29759    0.49931       0.62194   
2.70000       1.25989       1.90000       1.20000       0.00000       7443.42518    0.48558       0.61386   
2.70000       1.26417       1.90000       1.30000       0.00000       7368.06760    0.47258       0.60619   
2.70000       1.26822       1.90000       1.40000       0.00000       7297.68658    0.46027       0.59889   
2.70000       1.27206       1.90000       1.50000       0.00000       7231.81178    0.44857       0.59194   
2.70000       1.27571       1.90000       1.60000       0.00000       7170.02418    0.43746       0.58531   
2.70000       1.27916       1.90000       1.70000       0.00000       7112.10378    0.42689       0.57898   
2.70000       1.28244       1.90000       1.80000       0.00000       7057.62917    0.41681       0.57292   
2.70000       1.28558       1.90000       1.90000       0.00000       7006.14942    0.40720       0.56712   
