# Mass           Radius         Fe/Mg          Si/Mg          wt%+h2o        Bulk density   core_wt%       core_rad%      
2.80000       1.35194       0.50000       0.50000       0.00000       6247.26192    0.28414       0.48426   
2.80000       1.35602       0.50000       0.60000       0.00000       6191.07227    0.26777       0.47355   
2.80000       1.35966       0.50000       0.70000       0.00000       6141.47778    0.25318       0.46376   
2.80000       1.36293       0.50000       0.80000       0.00000       6097.38156    0.24010       0.45474   
2.80000       1.36589       0.50000       0.90000       0.00000       6057.92603    0.22830       0.44641   
2.80000       1.37066       0.50000       1.00000       0.00000       5994.84909    0.21761       0.43801   
2.80000       1.37115       0.50000       1.10000       0.00000       5988.42852    0.20788       0.43141   
2.80000       1.37352       0.50000       1.20000       0.00000       5957.43766    0.19898       0.42462   
2.80000       1.37571       0.50000       1.30000       0.00000       5929.01763    0.19081       0.41825   
2.80000       1.37774       0.50000       1.40000       0.00000       5902.87904    0.18328       0.41224   
2.80000       1.37962       0.50000       1.50000       0.00000       5878.78555    0.17633       0.40658   
2.80000       1.38137       0.50000       1.60000       0.00000       5856.48140    0.16988       0.40122   
2.80000       1.38300       0.50000       1.70000       0.00000       5835.84868    0.16389       0.39614   
2.80000       1.38450       0.50000       1.80000       0.00000       5816.81643    0.15831       0.39132   
2.80000       1.38592       0.50000       1.90000       0.00000       5799.00280    0.15309       0.38672   
2.80000       1.33832       0.60000       0.50000       0.00000       6440.03790    0.32263       0.50976   
2.80000       1.34295       0.60000       0.60000       0.00000       6373.60203    0.30499       0.49873   
2.80000       1.34711       0.60000       0.70000       0.00000       6314.77841    0.28917       0.48862   
2.80000       1.35086       0.60000       0.80000       0.00000       6262.32053    0.27492       0.47930   
2.80000       1.35426       0.60000       0.90000       0.00000       6215.24687    0.26200       0.47067   
2.80000       1.35939       0.60000       1.00000       0.00000       6145.13872    0.25024       0.46196   
2.80000       1.36033       0.60000       1.10000       0.00000       6132.38959    0.23950       0.45511   
2.80000       1.36307       0.60000       1.20000       0.00000       6095.50171    0.22963       0.44806   
2.80000       1.36561       0.60000       1.30000       0.00000       6061.65032    0.22055       0.44143   
2.80000       1.36795       0.60000       1.40000       0.00000       6030.49059    0.21216       0.43519   
2.80000       1.37014       0.60000       1.50000       0.00000       6001.72749    0.20438       0.42929   
2.80000       1.37217       0.60000       1.60000       0.00000       5975.08706    0.19716       0.42371   
2.80000       1.37406       0.60000       1.70000       0.00000       5950.40462    0.19043       0.41841   
2.80000       1.37582       0.60000       1.80000       0.00000       5927.59421    0.18414       0.41338   
2.80000       1.37748       0.60000       1.90000       0.00000       5906.22604    0.17825       0.40858   
2.80000       1.32595       0.70000       0.50000       0.00000       6621.88003    0.35720       0.53187   
2.80000       1.33103       0.70000       0.60000       0.00000       6546.40293    0.33861       0.52060   
2.80000       1.33561       0.70000       0.70000       0.00000       6479.34583    0.32186       0.51025   
2.80000       1.33975       0.70000       0.80000       0.00000       6419.37603    0.30668       0.50069   
2.80000       1.34353       0.70000       0.90000       0.00000       6365.42518    0.29288       0.49183   
2.80000       1.34896       0.70000       1.00000       0.00000       6288.87474    0.28026       0.48289   
2.80000       1.35028       0.70000       1.10000       0.00000       6270.40874    0.26869       0.47583   
2.80000       1.35333       0.70000       1.20000       0.00000       6228.12274    0.25803       0.46857   
2.80000       1.35615       0.70000       1.30000       0.00000       6189.26884    0.24819       0.46174   
2.80000       1.35878       0.70000       1.40000       0.00000       6153.47009    0.23907       0.45529   
2.80000       1.36122       0.70000       1.50000       0.00000       6120.37507    0.23059       0.44920   
2.80000       1.36351       0.70000       1.60000       0.00000       6089.70020    0.22270       0.44344   
2.80000       1.36564       0.70000       1.70000       0.00000       6061.25018    0.21533       0.43796   
2.80000       1.36762       0.70000       1.80000       0.00000       6034.90396    0.20843       0.43275   
2.80000       1.36949       0.70000       1.90000       0.00000       6010.21095    0.20196       0.42779   
2.80000       1.31467       0.80000       0.50000       0.00000       6793.79965    0.38841       0.55138   
2.80000       1.32010       0.80000       0.60000       0.00000       6710.30487    0.36912       0.53992   
2.80000       1.32502       0.80000       0.70000       0.00000       6635.89441    0.35167       0.52939   
2.80000       1.32949       0.80000       0.80000       0.00000       6569.17161    0.33578       0.51965   
2.80000       1.33357       0.80000       0.90000       0.00000       6508.99942    0.32128       0.51061   
2.80000       1.33924       0.80000       1.00000       0.00000       6426.70153    0.30797       0.50148   
2.80000       1.34090       0.80000       1.10000       0.00000       6402.89277    0.29572       0.49426   
2.80000       1.34422       0.80000       1.20000       0.00000       6355.65289    0.28441       0.48682   
2.80000       1.34729       0.80000       1.30000       0.00000       6312.18745    0.27393       0.47982   
2.80000       1.35016       0.80000       1.40000       0.00000       6272.09311    0.26420       0.47322   
2.80000       1.35283       0.80000       1.50000       0.00000       6234.98952    0.25513       0.46697   
2.80000       1.35533       0.80000       1.60000       0.00000       6200.55152    0.24667       0.46104   
2.80000       1.35767       0.80000       1.70000       0.00000       6168.58814    0.23875       0.45542   
2.80000       1.35985       0.80000       1.80000       0.00000       6138.93466    0.23132       0.45007   
2.80000       1.36191       0.80000       1.90000       0.00000       6111.12391    0.22434       0.44496   
2.80000       1.30433       0.90000       0.50000       0.00000       6956.65604    0.41672       0.56880   
2.80000       1.31005       0.90000       0.60000       0.00000       6866.03713    0.39695       0.55722   
2.80000       1.31524       0.90000       0.70000       0.00000       6785.04885    0.37896       0.54655   
2.80000       1.31998       0.90000       0.80000       0.00000       6712.24518    0.36254       0.53667   
2.80000       1.32432       0.90000       0.90000       0.00000       6646.43386    0.34748       0.52749   
2.80000       1.33018       0.90000       1.00000       0.00000       6558.96982    0.33362       0.51821   
2.80000       1.33213       0.90000       1.10000       0.00000       6530.20154    0.32083       0.51085   
2.80000       1.33567       0.90000       1.20000       0.00000       6478.40612    0.30898       0.50328   
2.80000       1.33897       0.90000       1.30000       0.00000       6430.69572    0.29797       0.49614   
2.80000       1.34204       0.90000       1.40000       0.00000       6386.62010    0.28772       0.48939   
2.80000       1.34491       0.90000       1.50000       0.00000       6345.78439    0.27815       0.48301   
2.80000       1.34760       0.90000       1.60000       0.00000       6307.85532    0.26920       0.47696   
2.80000       1.35012       0.90000       1.70000       0.00000       6272.60842    0.26081       0.47121   
2.80000       1.35248       0.90000       1.80000       0.00000       6239.84540    0.25292       0.46573   
2.80000       1.35471       0.90000       1.90000       0.00000       6209.11753    0.24550       0.46051   
2.80000       1.29482       1.00000       0.50000       0.00000       7111.19249    0.44254       0.58454   
2.80000       1.30075       1.00000       0.60000       0.00000       7014.24493    0.42242       0.57286   
2.80000       1.30617       1.00000       0.70000       0.00000       6927.37362    0.40406       0.56209   
2.80000       1.31113       1.00000       0.80000       0.00000       6849.07863    0.38722       0.55211   
2.80000       1.31568       1.00000       0.90000       0.00000       6778.15628    0.37174       0.54281   
2.80000       1.32171       1.00000       1.00000       0.00000       6685.86684    0.35744       0.53341   
2.80000       1.32390       1.00000       1.10000       0.00000       6652.67253    0.34420       0.52595   
2.80000       1.32764       1.00000       1.20000       0.00000       6596.68098    0.33191       0.51825   
2.80000       1.33112       1.00000       1.30000       0.00000       6545.04684    0.32047       0.51100   
2.80000       1.33438       1.00000       1.40000       0.00000       6497.28008    0.30979       0.50414   
2.80000       1.33742       1.00000       1.50000       0.00000       6452.99056    0.29979       0.49765   
2.80000       1.34028       1.00000       1.60000       0.00000       6411.79465    0.29042       0.49149   
2.80000       1.34296       1.00000       1.70000       0.00000       6373.47120    0.28162       0.48563   
2.80000       1.34548       1.00000       1.80000       0.00000       6337.80195    0.27334       0.48005   
2.80000       1.34785       1.00000       1.90000       0.00000       6304.30993    0.26553       0.47472   
2.80000       1.28602       1.10000       0.50000       0.00000       7258.08723    0.46616       0.59885   
2.80000       1.29214       1.10000       0.60000       0.00000       7155.50706    0.44583       0.58712   
2.80000       1.29773       1.10000       0.70000       0.00000       7063.35115    0.42720       0.57628   
2.80000       1.30287       1.10000       0.80000       0.00000       6980.10489    0.41007       0.56621   
2.80000       1.30761       1.10000       0.90000       0.00000       6904.53689    0.39425       0.55683   
2.80000       1.31377       1.10000       1.00000       0.00000       6807.78243    0.37962       0.54733   
2.80000       1.31617       1.10000       1.10000       0.00000       6770.59124    0.36602       0.53978   
2.80000       1.32008       1.10000       1.20000       0.00000       6710.73828    0.35337       0.53200   
2.80000       1.32372       1.10000       1.30000       0.00000       6655.47108    0.34157       0.52465   
2.80000       1.32713       1.10000       1.40000       0.00000       6604.28937    0.33052       0.51770   
2.80000       1.33033       1.10000       1.50000       0.00000       6556.76625    0.32017       0.51111   
2.80000       1.33333       1.10000       1.60000       0.00000       6512.53356    0.31045       0.50485   
2.80000       1.33616       1.10000       1.70000       0.00000       6471.34463    0.30130       0.49890   
2.80000       1.33881       1.10000       1.80000       0.00000       6432.94930    0.29268       0.49323   
2.80000       1.34132       1.10000       1.90000       0.00000       6396.87471    0.28453       0.48781   
2.80000       1.27787       1.20000       0.50000       0.00000       7397.92308    0.48786       0.61197   
2.80000       1.28412       1.20000       0.60000       0.00000       7290.32949    0.46742       0.60020   
2.80000       1.28986       1.20000       0.70000       0.00000       7193.43667    0.44862       0.58931   
2.80000       1.29515       1.20000       0.80000       0.00000       7105.71610    0.43127       0.57919   
2.80000       1.30003       1.20000       0.90000       0.00000       7025.92776    0.41521       0.56975   
2.80000       1.30631       1.20000       1.00000       0.00000       6925.11826    0.40031       0.56016   
2.80000       1.30889       1.20000       1.10000       0.00000       6884.22962    0.38644       0.55255   
2.80000       1.31293       1.20000       1.20000       0.00000       6820.82342    0.37350       0.54469   
2.80000       1.31672       1.20000       1.30000       0.00000       6762.19425    0.36140       0.53726   
2.80000       1.32027       1.20000       1.40000       0.00000       6707.84015    0.35005       0.53023   
2.80000       1.32360       1.20000       1.50000       0.00000       6657.32188    0.33940       0.52357   
2.80000       1.32673       1.20000       1.60000       0.00000       6610.23716    0.32938       0.51723   
2.80000       1.32968       1.20000       1.70000       0.00000       6566.35834    0.31993       0.51120   
2.80000       1.33246       1.20000       1.80000       0.00000       6525.40215    0.31101       0.50545   
2.80000       1.33509       1.20000       1.90000       0.00000       6486.90262    0.30257       0.49996   
2.80000       1.27028       1.30000       0.50000       0.00000       7531.23770    0.50787       0.62406   
2.80000       1.27665       1.30000       0.60000       0.00000       7419.17721    0.48738       0.61228   
2.80000       1.28250       1.30000       0.70000       0.00000       7318.02721    0.46849       0.60136   
2.80000       1.28791       1.30000       0.80000       0.00000       7226.26128    0.45100       0.59120   
2.80000       1.29291       1.30000       0.90000       0.00000       7142.63207    0.43477       0.58170   
2.80000       1.29928       1.30000       1.00000       0.00000       7038.15048    0.41967       0.57206   
2.80000       1.30202       1.30000       1.10000       0.00000       6993.83385    0.40558       0.56440   
2.80000       1.30618       1.30000       1.20000       0.00000       6927.14617    0.39241       0.55647   
2.80000       1.31009       1.30000       1.30000       0.00000       6865.41223    0.38007       0.54898   
2.80000       1.31375       1.30000       1.40000       0.00000       6808.11279    0.36848       0.54189   
2.80000       1.31720       1.30000       1.50000       0.00000       6754.79320    0.35757       0.53515   
2.80000       1.32045       1.30000       1.60000       0.00000       6705.05825    0.34729       0.52875   
2.80000       1.32351       1.30000       1.70000       0.00000       6658.65679    0.33759       0.52265   
2.80000       1.32639       1.30000       1.80000       0.00000       6615.30299    0.32841       0.51684   
2.80000       1.32913       1.30000       1.90000       0.00000       6574.51042    0.31972       0.51128   
2.80000       1.26321       1.40000       0.50000       0.00000       7658.49887    0.52637       0.63525   
2.80000       1.26965       1.40000       0.60000       0.00000       7542.45887    0.50591       0.62347   
2.80000       1.27560       1.40000       0.70000       0.00000       7437.48378    0.48698       0.61254   
2.80000       1.28110       1.40000       0.80000       0.00000       7342.05626    0.46941       0.60235   
2.80000       1.28621       1.40000       0.90000       0.00000       7254.93820    0.45306       0.59283   
2.80000       1.29265       1.40000       1.00000       0.00000       7147.04684    0.43782       0.58315   
2.80000       1.29552       1.40000       1.10000       0.00000       7099.63066    0.42357       0.57544   
2.80000       1.29979       1.40000       1.20000       0.00000       7029.91574    0.41021       0.56746   
2.80000       1.30379       1.40000       1.30000       0.00000       6965.30229    0.39768       0.55992   
2.80000       1.30756       1.40000       1.40000       0.00000       6905.26458    0.38588       0.55277   
2.80000       1.31111       1.40000       1.50000       0.00000       6849.34270    0.37477       0.54598   
2.80000       1.31446       1.40000       1.60000       0.00000       6797.12521    0.36428       0.53953   
2.80000       1.31762       1.40000       1.70000       0.00000       6748.36702    0.35436       0.53337   
2.80000       1.32060       1.40000       1.80000       0.00000       6702.75360    0.34496       0.52750   
2.80000       1.32343       1.40000       1.90000       0.00000       6659.79878    0.33605       0.52188   
2.80000       1.25659       1.50000       0.50000       0.00000       7780.13521    0.54354       0.64565   
2.80000       1.26309       1.50000       0.60000       0.00000       7660.54582    0.52314       0.63389   
2.80000       1.26911       1.50000       0.70000       0.00000       7552.13543    0.50422       0.62296   
2.80000       1.27469       1.50000       0.80000       0.00000       7453.40106    0.48662       0.61277   
2.80000       1.27988       1.50000       0.90000       0.00000       7363.10195    0.47021       0.60323   
2.80000       1.28637       1.50000       1.00000       0.00000       7252.11781    0.45487       0.59351   
2.80000       1.28936       1.50000       1.10000       0.00000       7201.82810    0.44049       0.58577   
2.80000       1.29372       1.50000       1.20000       0.00000       7129.32350    0.42700       0.57776   
2.80000       1.29781       1.50000       1.30000       0.00000       7062.04383    0.41431       0.57018   
2.80000       1.30167       1.50000       1.40000       0.00000       6999.46200    0.40236       0.56298   
2.80000       1.30531       1.50000       1.50000       0.00000       6941.10757    0.39107       0.55615   
2.80000       1.30874       1.50000       1.60000       0.00000       6886.56480    0.38040       0.54964   
2.80000       1.31199       1.50000       1.70000       0.00000       6835.59910    0.37030       0.54344   
2.80000       1.31506       1.50000       1.80000       0.00000       6787.86034    0.36071       0.53752   
2.80000       1.31797       1.50000       1.90000       0.00000       6742.87737    0.35162       0.53185   
2.80000       1.25038       1.60000       0.50000       0.00000       7896.52896    0.55950       0.65536   
2.80000       1.25693       1.60000       0.60000       0.00000       7773.77963    0.53921       0.64363   
2.80000       1.26300       1.60000       0.70000       0.00000       7662.28450    0.52034       0.63272   
2.80000       1.26864       1.60000       0.80000       0.00000       7560.55682    0.50275       0.62252   
2.80000       1.27389       1.60000       0.90000       0.00000       7467.36521    0.48631       0.61297   
2.80000       1.28043       1.60000       1.00000       0.00000       7353.55024    0.47091       0.60323   
2.80000       1.28352       1.60000       1.10000       0.00000       7300.62181    0.45646       0.59548   
2.80000       1.28795       1.60000       1.20000       0.00000       7225.53277    0.44286       0.58744   
2.80000       1.29212       1.60000       1.30000       0.00000       7155.78313    0.43006       0.57982   
2.80000       1.29605       1.60000       1.40000       0.00000       7090.83658    0.41797       0.57259   
2.80000       1.29977       1.60000       1.50000       0.00000       7030.21637    0.40654       0.56572   
2.80000       1.30328       1.60000       1.60000       0.00000       6973.50446    0.39572       0.55917   
2.80000       1.30660       1.60000       1.70000       0.00000       6920.46045    0.38547       0.55293   
2.80000       1.30975       1.60000       1.80000       0.00000       6870.72461    0.37573       0.54696   
2.80000       1.31274       1.60000       1.90000       0.00000       6823.83291    0.36647       0.54125   
2.80000       1.24455       1.70000       0.50000       0.00000       8008.02532    0.57438       0.66446   
2.80000       1.25113       1.70000       0.60000       0.00000       7882.46707    0.55423       0.65277   
2.80000       1.25723       1.70000       0.70000       0.00000       7768.20904    0.53545       0.64187   
2.80000       1.26292       1.70000       0.80000       0.00000       7663.77185    0.51790       0.63169   
2.80000       1.26822       1.70000       0.90000       0.00000       7567.94911    0.50146       0.62214   
2.80000       1.27479       1.70000       1.00000       0.00000       7451.54262    0.48604       0.61239   
2.80000       1.27797       1.70000       1.10000       0.00000       7396.18301    0.47153       0.60462   
2.80000       1.28246       1.70000       1.20000       0.00000       7318.71519    0.45787       0.59656   
2.80000       1.28670       1.70000       1.30000       0.00000       7246.67553    0.44497       0.58892   
2.80000       1.29069       1.70000       1.40000       0.00000       7179.52233    0.43279       0.58166   
2.80000       1.29448       1.70000       1.50000       0.00000       7116.78510    0.42125       0.57476   
2.80000       1.29806       1.70000       1.60000       0.00000       7058.04123    0.41031       0.56818   
2.80000       1.30145       1.70000       1.70000       0.00000       7003.05652    0.39992       0.56190   
2.80000       1.30466       1.70000       1.80000       0.00000       6951.44816    0.39005       0.55590   
2.80000       1.30772       1.70000       1.90000       0.00000       6902.75689    0.38065       0.55015   
2.80000       1.23906       1.80000       0.50000       0.00000       8114.95098    0.58829       0.67300   
2.80000       1.24565       1.80000       0.60000       0.00000       7986.89348    0.56831       0.66135   
2.80000       1.25178       1.80000       0.70000       0.00000       7870.14783    0.54964       0.65049   
2.80000       1.25750       1.80000       0.80000       0.00000       7763.26722    0.53215       0.64033   
2.80000       1.26285       1.80000       0.90000       0.00000       7665.04801    0.51575       0.63078   
2.80000       1.26944       1.80000       1.00000       0.00000       7546.21104    0.50032       0.62103   
2.80000       1.27268       1.80000       1.10000       0.00000       7488.67605    0.48580       0.61326   
2.80000       1.27723       1.80000       1.20000       0.00000       7409.01020    0.47209       0.60518   
2.80000       1.28152       1.80000       1.30000       0.00000       7334.85034    0.45913       0.59752   
2.80000       1.28557       1.80000       1.40000       0.00000       7265.65314    0.44687       0.59024   
2.80000       1.28941       1.80000       1.50000       0.00000       7200.94190    0.43524       0.58332   
2.80000       1.29305       1.80000       1.60000       0.00000       7140.29907    0.42421       0.57671   
2.80000       1.29650       1.80000       1.70000       0.00000       7083.48230    0.41371       0.57040   
2.80000       1.29977       1.80000       1.80000       0.00000       7030.10913    0.40373       0.56437   
2.80000       1.30290       1.80000       1.90000       0.00000       6979.71290    0.39422       0.55859   
2.80000       1.23388       1.90000       0.50000       0.00000       8217.58868    0.60132       0.68104   
2.80000       1.24047       1.90000       0.60000       0.00000       8087.31330    0.58152       0.66945   
2.80000       1.24662       1.90000       0.70000       0.00000       7968.34589    0.56298       0.65863   
2.80000       1.25236       1.90000       0.80000       0.00000       7859.25229    0.54559       0.64848   
2.80000       1.25774       1.90000       0.90000       0.00000       7758.85398    0.52924       0.63895   
2.80000       1.26435       1.90000       1.00000       0.00000       7637.81551    0.51384       0.62920   
2.80000       1.26765       1.90000       1.10000       0.00000       7578.26106    0.49931       0.62143   
2.80000       1.27224       1.90000       1.20000       0.00000       7496.56710    0.48558       0.61335   
2.80000       1.27657       1.90000       1.30000       0.00000       7420.43266    0.47258       0.60568   
2.80000       1.28068       1.90000       1.40000       0.00000       7349.33229    0.46027       0.59839   
2.80000       1.28457       1.90000       1.50000       0.00000       7282.78126    0.44857       0.59144   
2.80000       1.28826       1.90000       1.60000       0.00000       7220.35692    0.43746       0.58481   
2.80000       1.29176       1.90000       1.70000       0.00000       7161.82975    0.42689       0.57848   
2.80000       1.29508       1.90000       1.80000       0.00000       7106.79669    0.41681       0.57243   
2.80000       1.29826       1.90000       1.90000       0.00000       7054.79597    0.40720       0.56662   
